SIMP
NP=4096
SW=60000
TYPE=SPE
DATA
0.151414421 -48.1816839
0.151092651 -48.0928924
0.150772313 -48.0042891
0.150453399 -47.9158731
0.150135899 -47.8276436
0.149819807 -47.7395998
0.149505112 -47.6517408
0.149191808 -47.5640659
0.148879884 -47.4765742
0.148569334 -47.3892648
0.148260148 -47.3021371
0.147952319 -47.2151903
0.147645839 -47.1284234
0.1473407 -47.0418358
0.147036893 -46.9554266
0.146734411 -46.869195
0.146433246 -46.7831404
0.14613339 -46.6972619
0.145834835 -46.6115588
0.145537574 -46.5260302
0.1452416 -46.4406755
0.144946904 -46.3554939
0.14465348 -46.2704846
0.144361319 -46.1856469
0.144070415 -46.1009801
0.14378076 -46.0164834
0.143492347 -45.9321561
0.143205169 -45.8479974
0.142919218 -45.7640067
0.142634488 -45.6801832
0.142350972 -45.5965263
0.142068662 -45.5130351
0.141787552 -45.4297091
0.141507634 -45.3465474
0.141228903 -45.2635494
0.140951351 -45.1807145
0.140674971 -45.0980418
0.140399757 -45.0155308
0.140125702 -44.9331808
0.139852801 -44.850991
0.139581045 -44.7689608
0.139310429 -44.6870895
0.139040946 -44.6053765
0.138772591 -44.5238211
0.138505356 -44.4424227
0.138239235 -44.3611805
0.137974223 -44.2800939
0.137710312 -44.1991624
0.137447498 -44.1183851
0.137185773 -44.0377616
0.136925132 -43.9572912
0.136665569 -43.8769731
0.136407077 -43.7968069
0.136149651 -43.7167918
0.135893286 -43.6369273
0.135637974 -43.5572127
0.135383711 -43.4776474
0.135130491 -43.3982308
0.134878308 -43.3189623
0.134627156 -43.2398413
0.13437703 -43.1608672
0.134127924 -43.0820393
0.133879832 -43.0033572
0.13363275 -42.9248201
0.133386672 -42.8464275
0.133141591 -42.7681788
0.132897504 -42.6900735
0.132654404 -42.6121109
0.132412287 -42.5342905
0.132171146 -42.4566116
0.131930978 -42.3790738
0.131691776 -42.3016765
0.131453535 -42.224419
0.131216251 -42.1473009
0.130979918 -42.0703215
0.130744531 -41.9934804
0.130510086 -41.9167769
0.130276577 -41.8402105
0.130043999 -41.7637807
0.129812348 -41.6874869
0.129581618 -41.6113285
0.129351805 -41.5353051
0.129122904 -41.4594162
0.12889491 -41.383661
0.128667819 -41.3080392
0.128441626 -41.2325502
0.128216325 -41.1571935
0.127991913 -41.0819686
0.127768386 -41.0068749
0.127545737 -40.9319119
0.127323963 -40.8570792
0.12710306 -40.7823761
0.126883022 -40.7078022
0.126663845 -40.633357
0.126445526 -40.55904
0.126228059 -40.4848506
0.126011441 -40.4107885
0.125795666 -40.336853
0.125580731 -40.2630437
0.125366632 -40.1893601
0.125153363 -40.1158017
0.124940921 -40.0423681
0.124729303 -39.9690587
0.124518502 -39.895873
0.124308517 -39.8228106
0.124099341 -39.749871
0.123890972 -39.6770538
0.123683406 -39.6043584
0.123476637 -39.5317844
0.123270663 -39.4593313
0.123065479 -39.3869987
0.122861082 -39.314786
0.122657467 -39.2426929
0.122454631 -39.1707189
0.122252569 -39.0988635
0.122051279 -39.0271263
0.121850756 -38.9555068
0.121650996 -38.8840045
0.121451995 -38.8126191
0.121253751 -38.7413501
0.121056259 -38.670197
0.120859515 -38.5991594
0.120663516 -38.5282368
0.120468259 -38.4574289
0.120273739 -38.3867351
0.120079953 -38.3161551
0.119886898 -38.2456885
0.119694569 -38.1753347
0.119502964 -38.1050934
0.11931208 -38.0349642
0.119121911 -37.9649466
0.118932456 -37.8950402
0.11874371 -37.8252446
0.118555671 -37.7555594
0.118368334 -37.6859841
0.118181697 -37.6165185
0.117995756 -37.5471619
0.117810508 -37.4779141
0.11762595 -37.4087746
0.117442077 -37.3397431
0.117258888 -37.2708191
0.117076379 -37.2020022
0.116894546 -37.133292
0.116713387 -37.0646882
0.116532898 -36.9961903
0.116353076 -36.927798
0.116173919 -36.8595108
0.115995422 -36.7913284
0.115817583 -36.7232504
0.115640398 -36.6552764
0.115463866 -36.587406
0.115287982 -36.5196388
0.115112743 -36.4519745
0.114938148 -36.3844127
0.114764192 -36.316953
0.114590872 -36.249595
0.114418187 -36.1823383
0.114246132 -36.1151826
0.114074706 -36.0481276
0.113903904 -35.9811728
0.113733725 -35.9143179
0.113564165 -35.8475625
0.113395222 -35.7809063
0.113226893 -35.7143488
0.113059174 -35.6478898
0.112892064 -35.5815289
0.112725559 -35.5152657
0.112559657 -35.4490998
0.112394355 -35.383031
0.11222965 -35.3170589
0.11206554 -35.251183
0.111902022 -35.1854031
0.111739093 -35.1197189
0.11157675 -35.0541299
0.111414992 -34.9886359
0.111253815 -34.9232364
0.111093216 -34.8579312
0.110933194 -34.7927199
0.110773746 -34.7276022
0.110614868 -34.6625778
0.11045656 -34.5976462
0.110298817 -34.5328072
0.110141638 -34.4680605
0.10998502 -34.4034057
0.109828961 -34.3388424
0.109673457 -34.2743704
0.109518508 -34.2099894
0.10936411 -34.1456989
0.10921026 -34.0814988
0.109056957 -34.0173886
0.108904199 -33.953368
0.108751982 -33.8894368
0.108600304 -33.8255946
0.108449163 -33.7618411
0.108298558 -33.6981759
0.108148484 -33.6345989
0.107998941 -33.5711095
0.107849925 -33.5077077
0.107701435 -33.4443929
0.107553469 -33.381165
0.107406023 -33.3180237
0.107259096 -33.2549685
0.107112686 -33.1919993
0.10696679 -33.1291156
0.106821407 -33.0663173
0.106676533 -33.003604
0.106532167 -32.9409754
0.106388307 -32.8784312
0.106244951 -32.8159711
0.106102096 -32.7535949
0.10595974 -32.6913022
0.105817882 -32.6290927
0.105676519 -32.5669662
0.105535649 -32.5049224
0.105395269 -32.4429609
0.105255379 -32.3810815
0.105115976 -32.3192839
0.104977057 -32.2575678
0.104838621 -32.1959329
0.104700666 -32.134379
0.10456319 -32.0729058
0.104426191 -32.0115129
0.104289667 -31.9502002
0.104153616 -31.8889672
0.104018035 -31.8278139
0.103882924 -31.7667398
0.103748279 -31.7057447
0.1036141 -31.6448283
0.103480384 -31.5839904
0.10334713 -31.5232307
0.103214335 -31.4625488
0.103081998 -31.4019447
0.102950116 -31.3414179
0.102818688 -31.2809682
0.102687713 -31.2205954
0.102557187 -31.1602991
0.10242711 -31.1000792
0.10229748 -31.0399353
0.102168294 -30.9798672
0.102039552 -30.9198747
0.10191125 -30.8599574
0.101783388 -30.8001152
0.101655964 -30.7403477
0.101528976 -30.6806547
0.101402422 -30.6210359
0.1012763 -30.5614912
0.10115061 -30.5020202
0.101025348 -30.4426226
0.100900513 -30.3832984
0.100776104 -30.3240471
0.10065212 -30.2648685
0.100528557 -30.2057625
0.100405415 -30.1467286
0.100282692 -30.0877668
0.100160386 -30.0288767
0.100038497 -29.9700582
0.0999170206 -29.9113109
0.0997959571 -29.8526346
0.0996753045 -29.7940291
0.099555061 -29.7354942
0.0994352253 -29.6770295
0.0993157955 -29.6186349
0.0991967702 -29.5603102
0.0990781479 -29.502055
0.0989599268 -29.4438692
0.0988421056 -29.3857525
0.0987246827 -29.3277047
0.0986076564 -29.2697255
0.0984910254 -29.2118148
0.0983747881 -29.1539722
0.0982589429 -29.0961976
0.0981434884 -29.0384907
0.0980284232 -28.9808514
0.0979137456 -28.9232793
0.0977994542 -28.8657742
0.0976855476 -28.808336
0.0975720244 -28.7509643
0.0974588829 -28.6936591
0.0973461219 -28.6364199
0.0972337399 -28.5792467
0.0971217354 -28.5221392
0.0970101071 -28.4650972
0.0968988535 -28.4081204
0.0967879731 -28.3512087
0.0966774647 -28.2943618
0.0965673268 -28.2375795
0.0964575581 -28.1808616
0.0963481572 -28.1242078
0.0962391226 -28.0676181
0.0961304531 -28.011092
0.0960221472 -27.9546295
0.0959142037 -27.8982303
0.0958066213 -27.8418942
0.0956993985 -27.785621
0.095592534 -27.7294105
0.0954860266 -27.6732625
0.0953798749 -27.6171767
0.0952740776 -27.561153
0.0951686334 -27.5051911
0.0950635411 -27.4492908
0.0949587993 -27.393452
0.0948544068 -27.3376745
0.0947503623 -27.2819579
0.0946466645 -27.2263022
0.0945433122 -27.1707071
0.0944403042 -27.1151724
0.0943376392 -27.0596979
0.0942353159 -27.0042835
0.0941333331 -26.9489288
0.0940316897 -26.8936338
0.0939303843 -26.8383982
0.0938294159 -26.7832218
0.0937287831 -26.7281044
0.0936284847 -26.6730459
0.0935285197 -26.618046
0.0934288868 -26.5631045
0.0933295847 -26.5082213
0.0932306125 -26.4533961
0.0931319688 -26.3986287
0.0930336525 -26.343919
0.0929356626 -26.2892668
0.0928379977 -26.2346719
0.0927406568 -26.1801341
0.0926436387 -26.1256531
0.0925469424 -26.0712289
0.0924505666 -26.0168612
0.0923545103 -25.9625498
0.0922587723 -25.9082945
0.0921633516 -25.8540953
0.0920682471 -25.7999518
0.0919734575 -25.7458639
0.091878982 -25.6918314
0.0917848192 -25.6378541
0.0916909683 -25.5839318
0.0915974281 -25.5300644
0.0915041976 -25.4762517
0.0914112756 -25.4224935
0.0913186611 -25.3687896
0.0912263532 -25.3151398
0.0911343506 -25.261544
0.0910426524 -25.208002
0.0909512576 -25.1545135
0.0908601651 -25.1010785
0.0907693739 -25.0476967
0.090678883 -24.994368
0.0905886913 -24.9410921
0.0904987979 -24.887869
0.0904092017 -24.8346984
0.0903199018 -24.7815802
0.0902308971 -24.7285142
0.0901421866 -24.6755002
0.0900537695 -24.622538
0.0899656446 -24.5696275
0.089877811 -24.5167686
0.0897902678 -24.4639609
0.089703014 -24.4112044
0.0896160486 -24.358499
0.0895293707 -24.3058443
0.0894429793 -24.2532403
0.0893568735 -24.2006868
0.0892710523 -24.1481836
0.0891855148 -24.0957306
0.08910026 -24.0433275
0.0890152871 -23.9909743
0.0889305952 -23.9386708
0.0888461832 -23.8864167
0.0887620503 -23.834212
0.0886781956 -23.7820564
0.0885946181 -23.7299498
0.0885113171 -23.6778921
0.0884282915 -23.6258831
0.0883455405 -23.5739226
0.0882630632 -23.5220104
0.0881808587 -23.4701465
0.0880989262 -23.4183306
0.0880172648 -23.3665625
0.0879358735 -23.3148422
0.0878547517 -23.2631695
0.0877738982 -23.2115441
0.0876933125 -23.159966
0.0876129934 -23.108435
0.0875329404 -23.056951
0.0874531524 -23.0055137
0.0873736286 -22.954123
0.0872943683 -22.9027788
0.0872153706 -22.8514809
0.0871366346 -22.8002292
0.0870581595 -22.7490235
0.0869799446 -22.6978637
0.0869019889 -22.6467495
0.0868242918 -22.5956809
0.0867468523 -22.5446577
0.0866696698 -22.4936798
0.0865927433 -22.4427469
0.0865160721 -22.391859
0.0864396554 -22.341016
0.0863634925 -22.2902175
0.0862875824 -22.2394636
0.0862119246 -22.188754
0.0861365181 -22.1380886
0.0860613622 -22.0874673
0.0859864562 -22.0368899
0.0859117992 -21.9863563
0.0858373906 -21.9358662
0.0857632295 -21.8854197
0.0856893153 -21.8350165
0.0856156471 -21.7846565
0.0855422242 -21.7343395
0.0854690459 -21.6840654
0.0853961115 -21.6338341
0.0853234201 -21.5836454
0.0852509711 -21.5334991
0.0851787638 -21.4833952
0.0851067974 -21.4333335
0.0850350712 -21.3833138
0.0849635845 -21.333336
0.0848923366 -21.2834
0.0848213268 -21.2335056
0.0847505543 -21.1836528
0.0846800185 -21.1338412
0.0846097186 -21.0840709
0.084539654 -21.0343416
0.084469824 -20.9846533
0.0844002278 -20.9350057
0.0843308649 -20.8853988
0.0842617345 -20.8358325
0.0841928359 -20.7863065
0.0841241684 -20.7368208
0.0840557315 -20.6873752
0.0839875244 -20.6379695
0.0839195464 -20.5886038
0.083851797 -20.5392777
0.0837842753 -20.4899912
0.0837169809 -20.4407441
0.0836499129 -20.3915364
0.0835830709 -20.3423678
0.0835164541 -20.2932383
0.0834500618 -20.2441477
0.0833838935 -20.1950959
0.0833179485 -20.1460828
0.0832522262 -20.0971081
0.0831867259 -20.0481719
0.083121447 -19.9992739
0.0830563889 -19.950414
0.082991551 -19.9015922
0.0829269327 -19.8528082
0.0828625332 -19.8040619
0.0827983521 -19.7553533
0.0827343887 -19.7066822
0.0826706424 -19.6580484
0.0826071125 -19.6094519
0.0825437986 -19.5608924
0.0824807 -19.51237
0.082417816 -19.4638844
0.0823551462 -19.4154355
0.0822926899 -19.3670232
0.0822304465 -19.3186475
0.0821684155 -19.270308
0.0821065962 -19.2220048
0.0820449881 -19.1737377
0.0819835907 -19.1255066
0.0819224032 -19.0773114
0.0818614252 -19.0291518
0.0818006562 -18.9810279
0.0817400954 -18.9329395
0.0816797424 -18.8848865
0.0816195967 -18.8368687
0.0815596576 -18.788886
0.0814999246 -18.7409383
0.0814403971 -18.6930255
0.0813810746 -18.6451475
0.0813219566 -18.5973042
0.0812630425 -18.5494953
0.0812043318 -18.5017209
0.0811458239 -18.4539807
0.0810875183 -18.4062747
0.0810294145 -18.3586028
0.0809715119 -18.3109647
0.08091381 -18.2633605
0.0808563083 -18.21579
0.0807990062 -18.1682531
0.0807419033 -18.1207496
0.080684999 -18.0732795
0.0806282928 -18.0258426
0.0805717841 -17.9784388
0.0805154726 -17.9310681
0.0804593576 -17.8837301
0.0804034387 -17.836425
0.0803477154 -17.7891525
0.0802921871 -17.7419126
0.0802368533 -17.694705
0.0801817137 -17.6475298
0.0801267676 -17.6003868
0.0800720145 -17.5532759
0.0800174541 -17.5061969
0.0799630858 -17.4591498
0.0799089091 -17.4121344
0.0798549235 -17.3651506
0.0798011286 -17.3181984
0.0797475239 -17.2712776
0.0796941088 -17.2243881
0.0796408831 -17.1775297
0.079587846 -17.1307025
0.0795349973 -17.0839062
0.0794823364 -17.0371407
0.0794298628 -16.990406
0.0793775762 -16.943702
0.079325476 -16.8970284
0.0792735618 -16.8503853
0.0792218331 -16.8037725
0.0791702895 -16.7571898
0.0791189306 -16.7106373
0.0790677558 -16.6641148
0.0790167647 -16.6176221
0.078965957 -16.5711592
0.0789153321 -16.5247259
0.0788648895 -16.4783222
0.078814629 -16.4319479
0.07876455 -16.385603
0.0787146521 -16.3392873
0.0786649349 -16.2930008
0.0786153979 -16.2467432
0.0785660407 -16.2005146
0.078516863 -16.1543148
0.0784678641 -16.1081436
0.0784190439 -16.0620011
0.0783704017 -16.0158871
0.0783219373 -15.9698015
0.0782736501 -15.9237441
0.0782255399 -15.877715
0.0781776061 -15.8317139
0.0781298484 -15.7857408
0.0780822663 -15.7397955
0.0780348595 -15.693878
0.0779876275 -15.6479882
0.07794057 -15.602126
0.0778936865 -15.5562912
0.0778469767 -15.5104838
0.0778004401 -15.4647037
0.0777540764 -15.4189507
0.0777078851 -15.3732247
0.077661866 -15.3275257
0.0776160185 -15.2818536
0.0775703423 -15.2362082
0.0775248371 -15.1905895
0.0774795024 -15.1449973
0.0774343378 -15.0994316
0.0773893431 -15.0538922
0.0773445177 -15.0083791
0.0772998614 -14.9628922
0.0772553738 -14.9174313
0.0772110544 -14.8719963
0.077166903 -14.8265872
0.0771229191 -14.7812039
0.0770791024 -14.7358463
0.0770354525 -14.6905142
0.0769919691 -14.6452075
0.0769486518 -14.5999263
0.0769055002 -14.5546703
0.076862514 -14.5094395
0.0768196929 -14.4642337
0.0767770364 -14.419053
0.0767345443 -14.3738971
0.0766922161 -14.328766
0.0766500516 -14.2836597
0.0766080503 -14.2385779
0.076566212 -14.1935206
0.0765245363 -14.1484877
0.0764830229 -14.1034791
0.0764416714 -14.0584948
0.0764004814 -14.0135345
0.0763594527 -13.9685983
0.076318585 -13.9236861
0.0762778778 -13.8787976
0.0762373308 -13.8339329
0.0761969438 -13.7890919
0.0761567163 -13.7442744
0.0761166482 -13.6994803
0.0760767389 -13.6547097
0.0760369883 -13.6099623
0.075997396 -13.5652381
0.0759579617 -13.520537
0.075918685 -13.4758589
0.0758795657 -13.4312037
0.0758406034 -13.3865713
0.0758017978 -13.3419616
0.0757631486 -13.2973746
0.0757246556 -13.2528101
0.0756863183 -13.208268
0.0756481365 -13.1637483
0.0756101099 -13.1192509
0.0755722381 -13.0747756
0.0755345209 -13.0303224
0.075496958 -12.9858912
0.0754595491 -12.941482
0.0754222938 -12.8970945
0.075385192 -12.8527287
0.0753482432 -12.8083846
0.0753114472 -12.764062
0.0752748037 -12.7197609
0.0752383124 -12.6754811
0.075201973 -12.6312226
0.0751657853 -12.5869853
0.0751297489 -12.5427691
0.0750938636 -12.4985739
0.0750581291 -12.4543996
0.0750225451 -12.4102462
0.0749871113 -12.3661135
0.0749518275 -12.3220014
0.0749166933 -12.27791
0.0748817085 -12.2338389
0.0748468729 -12.1897883
0.0748121861 -12.145758
0.0747776478 -12.1017479
0.0747432579 -12.057758
0.0747090161 -12.013788
0.074674922 -11.9698381
0.0746409754 -11.925908
0.074607176 -11.8819977
0.0745735237 -11.8381071
0.0745400181 -11.7942361
0.0745066589 -11.7503846
0.074473446 -11.7065526
0.074440379 -11.6627399
0.0744074576 -11.6189465
0.0743746818 -11.5751722
0.0743420511 -11.5314171
0.0743095654 -11.487681
0.0742772243 -11.4439638
0.0742450277 -11.4002655
0.0742129753 -11.3565859
0.0741810668 -11.3129249
0.074149302 -11.2692826
0.0741176807 -11.2256588
0.0740862026 -11.1820534
0.0740548675 -11.1384663
0.0740236751 -11.0948975
0.0739926252 -11.0513469
0.0739617176 -11.0078143
0.073930952 -10.9642998
0.0739003282 -10.9208032
0.073869846 -10.8773244
0.0738395051 -10.8338634
0.0738093053 -10.79042
0.0737792464 -10.7469942
0.0737493281 -10.703586
0.0737195502 -10.6601951
0.0736899126 -10.6168216
0.0736604149 -10.5734654
0.0736310569 -10.5301263
0.0736018385 -10.4868043
0.0735727594 -10.4434994
0.0735438193 -10.4002114
0.0735150182 -10.3569402
0.0734863557 -10.3136858
0.0734578316 -10.2704481
0.0734294458 -10.227227
0.0734011979 -10.1840224
0.0733730879 -10.1408342
0.0733451155 -10.0976625
0.0733172804 -10.054507
0.0732895826 -10.0113677
0.0732620217 -9.96824454
0.0732345976 -9.92513742
0.07320731 -9.88204627
0.0731801588 -9.83897099
0.0731531438 -9.79591153
0.0731262647 -9.75286778
0.0730995213 -9.70983968
0.0730729136 -9.66682714
0.0730464412 -9.62383008
0.0730201039 -9.58084843
0.0729939017 -9.53788211
0.0729678342 -9.49493104
0.0729419013 -9.45199513
0.0729161029 -9.40907431
0.0728904386 -9.3661685
0.0728649083 -9.32327762
0.0728395119 -9.2804016
0.0728142492 -9.23754035
0.0727891199 -9.1946938
0.0727641238 -9.15186186
0.0727392609 -9.10904447
0.0727145309 -9.06624154
0.0726899336 -9.02345299
0.0726654689 -8.98067875
0.0726411366 -8.93791874
0.0726169364 -8.89517288
0.0725928683 -8.85244109
0.072568932 -8.8097233
0.0725451275 -8.76701943
0.0725214544 -8.7243294
0.0724979126 -8.68165314
0.072474502 -8.63899056
0.0724512224 -8.5963416
0.0724280737 -8.55370617
0.0724050556 -8.51108419
0.0723821679 -8.4684756
0.0723594107 -8.42588032
0.0723367835 -8.38329826
0.0723142864 -8.34072935
0.0722919191 -8.29817353
0.0722696815 -8.2556307
0.0722475734 -8.21310079
0.0722255947 -8.17058373
0.0722037452 -8.12807945
0.0721820248 -8.08558786
0.0721604332 -8.04310889
0.0721389704 -8.00064247
0.0721176361 -7.95818852
0.0720964303 -7.91574696
0.0720753528 -7.87331772
0.0720544034 -7.83090073
0.072033582 -7.78849591
0.0720128885 -7.74610317
0.0719923226 -7.70372246
0.0719718843 -7.6613537
0.0719515734 -7.6189968
0.0719313897 -7.5766517
0.0719113332 -7.53431831
0.0718914036 -7.49199658
0.0718716009 -7.44968641
0.0718519249 -7.40738775
0.0718323754 -7.3651005
0.0718129524 -7.32282461
0.0717936556 -7.28055999
0.071774485 -7.23830657
0.0717554404 -7.19606427
0.0717365217 -7.15383303
0.0717177287 -7.11161277
0.0716990614 -7.06940342
0.0716805195 -7.02720489
0.071662103 -6.98501713
0.0716438118 -6.94284005
0.0716256456 -6.90067358
0.0716076045 -6.85851764
0.0715896881 -6.81637218
0.0715718966 -6.7742371
0.0715542296 -6.73211235
0.0715366871 -6.68999784
0.071519269 -6.6478935
0.0715019751 -6.60579926
0.0714848053 -6.56371505
0.0714677596 -6.5216408
0.0714508377 -6.47957642
0.0714340396 -6.43752185
0.0714173652 -6.39547702
0.0714008143 -6.35344186
0.0713843869 -6.31141628
0.0713680828 -6.26940023
0.0713519018 -6.22739362
0.071335844 -6.18539639
0.0713199092 -6.14340846
0.0713040973 -6.10142976
0.0712884081 -6.05946021
0.0712728416 -6.01749976
0.0712573977 -5.97554832
0.0712420762 -5.93360582
0.0712268771 -5.89167219
0.0712118002 -5.84974736
0.0711968455 -5.80783126
0.0711820128 -5.76592382
0.0711673021 -5.72402496
0.0711527132 -5.68213461
0.0711382461 -5.64025271
0.0711239007 -5.59837917
0.0711096768 -5.55651394
0.0710955743 -5.51465693
0.0710815933 -5.47280808
0.0710677335 -5.43096731
0.0710539949 -5.38913456
0.0710403775 -5.34730975
0.071026881 -5.30549282
0.0710135054 -5.26368368
0.0710002507 -5.22188228
0.0709871167 -5.18008853
0.0709741034 -5.13830238
0.0709612106 -5.09652374
0.0709484384 -5.05475255
0.0709357865 -5.01298873
0.070923255 -4.97123223
0.0709108436 -4.92948295
0.0708985525 -4.88774085
0.0708863814 -4.84600584
0.0708743303 -4.80427785
0.0708623992 -4.76255682
0.0708505879 -4.72084267
0.0708388963 -4.67913533
0.0708273245 -4.63743474
0.0708158723 -4.59574082
0.0708045396 -4.55405351
0.0707933263 -4.51237273
0.0707822325 -4.47069841
0.070771258 -4.42903048
0.0707604028 -4.38736888
0.0707496668 -4.34571353
0.0707390499 -4.30406436
0.070728552 -4.26242131
0.0707181731 -4.2207843
0.0707079132 -4.17915326
0.0706977721 -4.13752813
0.0706877498 -4.09590883
0.0706778462 -4.0542953
0.0706680614 -4.01268747
0.0706583951 -3.97108525
0.0706488474 -3.9294886
0.0706394181 -3.88789743
0.0706301073 -3.84631168
0.0706209149 -3.80473128
0.0706118408 -3.76315615
0.070602885 -3.72158624
0.0705940474 -3.68002146
0.0705853279 -3.63846176
0.0705767266 -3.59690705
0.0705682433 -3.55535728
0.070559878 -3.51381237
0.0705516306 -3.47227226
0.0705435012 -3.43073686
0.0705354896 -3.38920613
0.0705275958 -3.34767998
0.0705198198 -3.30615834
0.0705121615 -3.26464116
0.0705046209 -3.22312835
0.0704971979 -3.18161986
0.0704898924 -3.1401156
0.0704827046 -3.09861552
0.0704756342 -3.05711954
0.0704686813 -3.0156276
0.0704618458 -2.97413962
0.0704551277 -2.93265553
0.0704485269 -2.89117528
0.0704420435 -2.84969878
0.0704356773 -2.80822598
0.0704294283 -2.76675679
0.0704232966 -2.72529116
0.070417282 -2.68382902
0.0704113846 -2.64237028
0.0704056043 -2.6009149
0.0703999411 -2.55946279
0.0703943949 -2.51801389
0.0703889657 -2.47656814
0.0703836535 -2.43512545
0.0703784583 -2.39368577
0.07037338 -2.35224902
0.0703684186 -2.31081514
0.0703635741 -2.26938406
0.0703588465 -2.22795571
0.0703542357 -2.18653002
0.0703497418 -2.14510692
0.0703453646 -2.10368634
0.0703411042 -2.06226822
0.0703369606 -2.02085249
0.0703329337 -1.97943907
0.0703290236 -1.93802791
0.0703252301 -1.89661893
0.0703215534 -1.85521205
0.0703179933 -1.81380723
0.0703145499 -1.77240438
0.0703112231 -1.73100344
0.070308013 -1.68960433
0.0703049195 -1.648207
0.0703019426 -1.60681137
0.0702990823 -1.56541738
0.0702963386 -1.52402495
0.0702937115 -1.48263402
0.070291201 -1.44124452
0.0702888071 -1.39985638
0.0702865298 -1.35846953
0.070284369 -1.3170839
0.0702823247 -1.27569944
0.0702803971 -1.23431605
0.070278586 -1.19293369
0.0702768914 -1.15155228
0.0702753135 -1.11017175
0.070273852 -1.06879203
0.0702725072 -1.02741306
0.0702712789 -0.986034772
0.0702701672 -0.944657088
0.070269172 -0.903279945
0.0702682935 -0.861903274
0.0702675315 -0.820527007
0.0702668861 -0.779151075
0.0702663573 -0.73777541
0.0702659451 -0.696399944
0.0702656495 -0.655024609
0.0702654706 -0.613649335
0.0702654083 -0.572274055
0.0702654627 -0.5308987
0.0702656337 -0.489523201
0.0702659214 -0.448147491
0.0702663258 -0.406771501
0.0702668469 -0.365395162
0.0702674848 -0.324018407
0.0702682393 -0.282641166
0.0702691107 -0.241263371
0.0702700988 -0.199884953
0.0702712038 -0.158505845
0.0702724255 -0.117125977
0.0702737641 -0.0757452811
0.0702752196 -0.034363689
0.070276792 0.00701886818
0.0702784813 0.0484024589
0.0702802875 0.0897871516
0.0702822107 0.131173015
0.0702842509 0.172560118
0.0702864082 0.213948529
0.0702886825 0.255338316
0.0702910738 0.296729548
0.0702935823 0.338122295
0.070296208 0.379516624
0.0702989508 0.420912604
0.0703018108 0.462310304
0.0703047881 0.503709793
0.0703078827 0.545111139
0.0703110946 0.586514412
0.0703144238 0.62791968
0.0703178705 0.669327012
0.0703214345 0.710736476
0.0703251161 0.752148143
0.0703289152 0.79356208
0.0703328318 0.834978356
0.070336866 0.876397041
0.0703410179 0.917818203
0.0703452874 0.959241912
0.0703496747 1.00066824
0.0703541798 1.04209724
0.0703588027 1.08352901
0.0703635434 1.12496359
0.0703684021 1.16640107
0.0703733788 1.20784151
0.0703784735 1.24928498
0.0703836862 1.29073154
0.0703890171 1.33218128
0.0703944662 1.37363425
0.0704000335 1.41509054
0.0704057191 1.45655019
0.070411523 1.4980133
0.0704174454 1.53947992
0.0704234862 1.58095012
0.0704296455 1.62242398
0.0704359234 1.66390157
0.0704423199 1.70538294
0.0704488352 1.74686818
0.0704554692 1.78835736
0.070462222 1.82985053
0.0704690938 1.87134778
0.0704760845 1.91284917
0.0704831942 1.95435477
0.070490423 1.99586465
0.070497771 2.03737888
0.0705052382 2.07889754
0.0705128246 2.12042069
0.0705205305 2.16194839
0.0705283558 2.20348073
0.0705363007 2.24501777
0.0705443651 2.28655958
0.0705525491 2.32810623
0.070560853 2.3696578
0.0705692766 2.41121434
0.0705778201 2.45277594
0.0705864836 2.49434266
0.0705952672 2.53591458
0.0706041709 2.57749175
0.0706131947 2.61907426
0.0706223389 2.66066218
0.0706316035 2.70225557
0.0706409885 2.74385451
0.0706504941 2.78545906
0.0706601203 2.8270693
0.0706698672 2.86868529
0.070679735 2.91030712
0.0706897236 2.95193485
0.0706998333 2.99356854
0.070710064 3.03520828
0.0707204159 3.07685413
0.070730889 3.11850616
0.0707414835 3.16016445
0.0707521994 3.20182906
0.0707630369 3.24350007
0.0707739961 3.28517755
0.070785077 3.32686157
0.0707962797 3.3685522
0.0708076044 3.41024951
0.0708190511 3.45195357
0.07083062 3.49366447
0.0708423111 3.53538226
0.0708541245 3.57710702
0.0708660604 3.61883882
0.0708781189 3.66057773
0.0708903001 3.70232383
0.070902604 3.74407718
0.0709150308 3.78583786
0.0709275806 3.82760595
0.0709402535 3.8693815
0.0709530496 3.91116461
0.070965969 3.95295533
0.0709790119 3.99475374
0.0709921784 4.03655991
0.0710054685 4.07837391
0.0710188824 4.12019583
0.0710324202 4.16202572
0.0710460821 4.20386367
0.0710598681 4.24570974
0.0710737783 4.28756401
0.071087813 4.32942656
0.0711019722 4.37129744
0.071116256 4.41317675
0.0711306645 4.45506454
0.071145198 4.4969609
0.0711598565 4.53886589
0.0711746401 4.5807796
0.071189549 4.62270209
0.0712045832 4.66463344
0.0712197431 4.70657371
0.0712350286 4.74852299
0.0712504399 4.79048135
0.0712659771 4.83244887
0.0712816404 4.87442561
0.0712974299 4.91641164
0.0713133458 4.95840706
0.0713293882 5.00041192
0.0713455571 5.0424263
0.0713618528 5.08445028
0.0713782755 5.12648393
0.0713948251 5.16852732
0.071411502 5.21058054
0.0714283062 5.25264365
0.0714452379 5.29471673
0.0714622973 5.33679986
0.0714794844 5.3788931
0.0714967995 5.42099654
0.0715142426 5.46311024
0.071531814 5.5052343
0.0715495138 5.54736877
0.0715673421 5.58951373
0.0715852991 5.63166927
0.071603385 5.67383545
0.0716215999 5.71601236
0.0716399439 5.75820006
0.0716584173 5.80039863
0.0716770202 5.84260816
0.0716957527 5.88482871
0.0717146151 5.92706036
0.0717336074 5.96930318
0.0717527299 6.01155726
0.0717719827 6.05382267
0.071791366 6.09609949
0.0718108799 6.13838779
0.0718305247 6.18068765
0.0718503004 6.22299915
0.0718702073 6.26532236
0.0718902456 6.30765736
0.0719104154 6.35000422
0.0719307168 6.39236304
0.0719511501 6.43473387
0.0719717155 6.4771168
0.0719924131 6.51951191
0.0720132431 6.56191928
0.0720342057 6.60433897
0.0720553011 6.64677108
0.0720765294 6.68921567
0.0720978908 6.73167283
0.0721193856 6.77414264
0.0721410139 6.81662516
0.072162776 6.85912049
0.0721846719 6.90162869
0.0722067019 6.94414986
0.0722288662 6.98668406
0.0722511649 7.02923137
0.0722735983 7.07179188
0.0722961666 7.11436567
0.07231887 7.1569528
0.0723417086 7.19955337
0.0723646827 7.24216744
0.0723877925 7.28479511
0.0724110381 7.32743645
0.0724344198 7.37009154
0.0724579378 7.41276046
0.0724815922 7.45544328
0.0725053834 7.4981401
0.0725293115 7.54085099
0.0725533766 7.58357603
0.0725775791 7.62631529
0.0726019192 7.66906887
0.072626397 7.71183685
0.0726510128 7.75461929
0.0726757667 7.79741629
0.0727006591 7.84022793
0.0727256901 7.88305428
0.0727508599 7.92589543
0.0727761688 7.96875146
0.072801617 8.01162245
0.0728272047 8.05450848
0.0728529322 8.09740964
0.0728787996 8.140326
0.0729048073 8.18325765
0.0729309554 8.22620468
0.0729572441 8.26916716
0.0729836737 8.31214517
0.0730102444 8.3551388
0.0730369565 8.39814814
0.0730638102 8.44117325
0.0730908058 8.48421424
0.0731179434 8.52727118
0.0731452234 8.57034415
0.073172646 8.61343324
0.0732002113 8.65653853
0.0732279197 8.69966011
0.0732557715 8.74279806
0.0732837668 8.78595246
0.0733119058 8.8291234
0.073340189 8.87231096
0.0733686164 8.91551523
0.0733971884 8.95873629
0.0734259053 9.00197422
0.0734547672 9.04522912
0.0734837744 9.08850106
0.0735129273 9.13179014
0.073542226 9.17509643
0.0735716708 9.21842003
0.073601262 9.26176102
0.0736309998 9.30511948
0.0736608846 9.3484955
0.0736909166 9.39188917
0.073721096 9.43530057
0.0737514231 9.47872979
0.0737818983 9.52217692
0.0738125217 9.56564205
0.0738432937 9.60912525
0.0738742145 9.65262662
0.0739052845 9.69614625
0.0739365038 9.73968422
0.0739678728 9.78324062
0.0739993918 9.82681554
0.074031061 9.87040907
0.0740628808 9.91402129
0.0740948514 9.95765229
0.0741269731 10.0013022
0.0741592462 10.044971
0.074191671 10.0886589
0.0742242479 10.1323659
0.074256977 10.1760922
0.0742898587 10.2198377
0.0743228933 10.2636027
0.0743560811 10.3073872
0.0743894224 10.3511912
0.0744229175 10.395015
0.0744565668 10.4388585
0.0744903704 10.4827218
0.0745243288 10.5266051
0.0745584422 10.5705085
0.074592711 10.614432
0.0746271355 10.6583757
0.074661716 10.7023397
0.0746964527 10.7463241
0.0747313461 10.790329
0.0747663965 10.8343545
0.0748016041 10.8784007
0.0748369694 10.9224676
0.0748724926 10.9665554
0.074908174 11.0106642
0.0749440139 11.054794
0.0749800128 11.098945
0.075016171 11.1431172
0.0750524888 11.1873107
0.0750889665 11.2315257
0.0751256045 11.2757621
0.0751624031 11.3200202
0.0751993626 11.3643
0.0752364835 11.4086016
0.075273766 11.4529251
0.0753112105 11.4972706
0.0753488173 11.5416382
0.0753865869 11.5860279
0.0754245195 11.6304399
0.0754626155 11.6748743
0.0755008752 11.7193312
0.0755392991 11.7638106
0.0755778875 11.8083127
0.0756166408 11.8528375
0.0756555593 11.8973852
0.0756946433 11.9419559
0.0757338933 11.9865496
0.0757733097 12.0311664
0.0758128927 12.0758065
0.0758526429 12.12047
0.0758925604 12.1651568
0.0759326458 12.2098672
0.0759728995 12.2546013
0.0760133217 12.2993591
0.0760539129 12.3441407
0.0760946735 12.3889462
0.0761356038 12.4337758
0.0761767043 12.4786295
0.0762179754 12.5235075
0.0762594173 12.5684098
0.0763010306 12.6133365
0.0763428157 12.6582877
0.0763847729 12.7032636
0.0764269026 12.7482642
0.0764692053 12.7932897
0.0765116813 12.83834
0.0765543311 12.8834155
0.0765971551 12.9285161
0.0766401536 12.9736419
0.0766833272 13.018793
0.0767266762 13.0639696
0.076770201 13.1091718
0.0768139021 13.1543996
0.0768577799 13.1996532
0.0769018348 13.2449327
0.0769460673 13.2902381
0.0769904777 13.3355696
0.0770350666 13.3809272
0.0770798343 13.4263112
0.0771247813 13.4717215
0.077169908 13.5171583
0.0772152149 13.5626217
0.0772607024 13.6081119
0.0773063709 13.6536288
0.077352221 13.6991726
0.077398253 13.7447435
0.0774444675 13.7903415
0.0774908648 13.8359667
0.0775374455 13.8816193
0.0775842099 13.9272993
0.0776311587 13.9730069
0.0776782921 14.0187422
0.0777256107 14.0645052
0.077773115 14.1102961
0.0778208054 14.156115
0.0778686824 14.201962
0.0779167465 14.2478372
0.0779649982 14.2937408
0.0780134379 14.3396727
0.0780620662 14.3856333
0.0781108835 14.4316224
0.0781598903 14.4776404
0.0782090871 14.5236872
0.0782584744 14.569763
0.0783080527 14.6158678
0.0783578225 14.662002
0.0784077842 14.7081654
0.0784579385 14.7543582
0.0785082859 14.8005807
0.0785588267 14.8468327
0.0786095616 14.8931146
0.078660491 14.9394263
0.0787116155 14.9857681
0.0787629355 15.03214
0.0788144517 15.0785421
0.0788661646 15.1249745
0.0789180746 15.1714374
0.0789701823 15.2179309
0.0790224882 15.2644551
0.079074993 15.3110101
0.079127697 15.3575961
0.0791806009 15.4042131
0.0792337052 15.4508612
0.0792870104 15.4975407
0.0793405171 15.5442515
0.0793942259 15.5909938
0.0794481373 15.6377678
0.0795022519 15.6845736
0.0795565702 15.7314112
0.0796110927 15.7782808
0.0796658202 15.8251826
0.0797207531 15.8721165
0.079775892 15.9190828
0.0798312375 15.9660816
0.0798867901 16.013113
0.0799425505 16.0601772
0.0799985192 16.1072741
0.0800546969 16.1544041
0.080111084 16.2015671
0.0801676813 16.2487633
0.0802244892 16.2959929
0.0802815085 16.3432559
0.0803387397 16.3905525
0.0803961834 16.4378828
0.0804538402 16.4852469
0.0805117108 16.532645
0.0805697957 16.5800772
0.0806280956 16.6275436
0.0806866111 16.6750443
0.0807453428 16.7225795
0.0808042914 16.7701492
0.0808634574 16.8177537
0.0809228416 16.865393
0.0809824445 16.9130673
0.0810422668 16.9607767
0.0811023092 17.0085214
0.0811625722 17.0563013
0.0812230566 17.1041168
0.081283763 17.1519679
0.0813446921 17.1998547
0.0814058445 17.2477774
0.0814672208 17.2957361
0.0815288219 17.343731
0.0815906482 17.3917621
0.0816527006 17.4398297
0.0817149796 17.4879338
0.081777486 17.5360745
0.0818402204 17.5842521
0.0819031836 17.6324666
0.0819663762 17.6807181
0.082029799 17.7290069
0.0820934525 17.777333
0.0821573376 17.8256966
0.082221455 17.8740978
0.0822858053 17.9225368
0.0823503892 17.9710136
0.0824152076 18.0195285
0.082480261 18.0680816
0.0825455503 18.1166729
0.0826110762 18.1653027
0.0826768393 18.2139711
0.0827428405 18.2626781
0.0828090805 18.3114241
0.0828755599 18.360209
0.0829422797 18.4090331
0.0830092405 18.4578964
0.083076443 18.5067992
0.0831438881 18.5557416
0.0832115765 18.6047236
0.083279509 18.6537455
0.0833476863 18.7028074
0.0834161092 18.7519094
0.0834847786 18.8010517
0.0835536951 18.8502344
0.0836228596 18.8994578
0.0836922729 18.9487218
0.0837619357 18.9980267
0.0838318489 19.0473725
0.0839020133 19.0967596
0.0839724296 19.1461879
0.0840430988 19.1956577
0.0841140216 19.2451691
0.0841851988 19.2947223
0.0842566312 19.3443173
0.0843283198 19.3939544
0.0844002653 19.4436337
0.0844724685 19.4933554
0.0845449304 19.5431196
0.0846176517 19.5929264
0.0846906334 19.642776
0.0847638762 19.6926685
0.0848373811 19.7426042
0.0849111488 19.7925832
0.0849851804 19.8426055
0.0850594765 19.8926715
0.0851340382 19.9427812
0.0852088664 19.9929347
0.0852839618 20.0431323
0.0853593254 20.0933741
0.0854349581 20.1436603
0.0855108608 20.193991
0.0855870345 20.2443664
0.0856634799 20.2947865
0.0857401981 20.3452517
0.08581719 20.3957621
0.0858944564 20.4463177
0.0859719984 20.4969189
0.0860498168 20.5475656
0.0861279127 20.5982582
0.0862062869 20.6489967
0.0862849404 20.6997814
0.0863638741 20.7506124
0.0864430891 20.8014898
0.0865225863 20.8524138
0.0866023667 20.9033846
0.0866824312 20.9544024
0.0867627809 21.0054673
0.0868434166 21.0565795
0.0869243395 21.1077391
0.0870055505 21.1589464
0.0870870507 21.2102014
0.087168841 21.2615045
0.0872509224 21.3128556
0.087333296 21.3642551
0.0874159628 21.415703
0.0874989238 21.4671996
0.0875821801 21.518745
0.0876657327 21.5703394
0.0877495827 21.621983
0.0878337311 21.6736759
0.0879181789 21.7254183
0.0880029274 21.7772105
0.0880879774 21.8290525
0.0881733302 21.8809445
0.0882589867 21.9328868
0.0883449481 21.9848795
0.0884312154 22.0369228
0.0885177899 22.0890168
0.0886046725 22.1411618
0.0886918644 22.1933579
0.0887793667 22.2456054
0.0888671805 22.2979043
0.0889553071 22.3502549
0.0890437474 22.4026573
0.0891325027 22.4551118
0.0892215741 22.5076185
0.0893109627 22.5601776
0.0894006698 22.6127894
0.0894906965 22.6654539
0.0895810439 22.7181714
0.0896717134 22.770942
0.0897627059 22.823766
0.0898540228 22.8766436
0.0899456652 22.9295748
0.0900376344 22.98256
0.0901299316 23.0355993
0.090222558 23.088693
0.0903155147 23.1418411
0.0904088032 23.1950439
0.0905024245 23.2483016
0.09059638 23.3016144
0.0906906709 23.3549825
0.0907852985 23.408406
0.090880264 23.4618853
0.0909755688 23.5154204
0.091071214 23.5690116
0.0911672011 23.622659
0.0912635313 23.676363
0.0913602058 23.7301236
0.0914572261 23.7839411
0.0915545935 23.8378157
0.0916523092 23.8917476
0.0917503746 23.9457369
0.0918487911 23.999784
0.09194756 24.0538889
0.0920466826 24.108052
0.0921461604 24.1622734
0.0922459947 24.2165533
0.0923461869 24.270892
0.0924467383 24.3252896
0.0925476505 24.3797464
0.0926489247 24.4342625
0.0927505624 24.4888382
0.0928525651 24.5434738
0.0929549341 24.5981693
0.0930576709 24.652925
0.0931607769 24.7077412
0.0932642537 24.7626181
0.0933681025 24.8175558
0.0934723251 24.8725547
0.0935769227 24.9276148
0.0936818969 24.9827365
0.0937872492 25.03792
0.0938929811 25.0931654
0.0939990941 25.148473
0.0941055898 25.2038431
0.0942124696 25.2592758
0.0943197352 25.3147714
0.094427388 25.3703301
0.0945354296 25.4259521
0.0946438616 25.4816377
0.0947526855 25.537387
0.094861903 25.5932004
0.0949715157 25.6490781
0.0950815251 25.7050202
0.0951919328 25.7610271
0.0953027406 25.8170989
0.0954139499 25.8732358
0.0955255625 25.9294383
0.09563758 25.9857063
0.0957500041 26.0420403
0.0958628365 26.0984404
0.0959760787 26.1549069
0.0960897326 26.21144
0.0962037997 26.2680399
0.0963182819 26.324707
0.0964331809 26.3814414
0.0965484983 26.4382434
0.0966642359 26.4951132
0.0967803955 26.5520511
0.0968969789 26.6090573
0.0970139877 26.6661322
0.0971314238 26.7232758
0.097249289 26.7804886
0.097367585 26.8377706
0.0974863137 26.8951223
0.097605477 26.9525438
0.0977250766 27.0100354
0.0978451144 27.0675973
0.0979655922 27.1252299
0.098086512 27.1829333
0.0982078757 27.2407079
0.098329685 27.2985539
0.0984519419 27.3564715
0.0985746483 27.414461
0.0986978062 27.4725227
0.0988214175 27.5306568
0.0989454841 27.5888637
0.0990700079 27.6471435
0.0991949911 27.7054966
0.0993204355 27.7639232
0.0994463431 27.8224236
0.099572716 27.880998
0.0996995562 27.9396468
0.0998268657 27.9983702
0.0999546466 28.0571685
0.100082901 28.116042
0.100211631 28.1749908
0.100340838 28.2340154
0.100470525 28.293116
0.100600694 28.3522929
0.100731346 28.4115464
0.100862485 28.4708767
0.100994112 28.5302841
0.101126229 28.589769
0.101258839 28.6493316
0.101391943 28.7089721
0.101525545 28.768691
0.101659645 28.8284884
0.101794247 28.8883648
0.101929352 28.9483203
0.102064963 29.0083552
0.102201083 29.06847
0.102337713 29.1286647
0.102474855 29.1889399
0.102612513 29.2492957
0.102750687 29.3097325
0.102889382 29.3702506
0.103028599 29.4308502
0.10316834 29.4915317
0.103308608 29.5522954
0.103449405 29.6131417
0.103590733 29.6740707
0.103732596 29.7350829
0.103874995 29.7961784
0.104017933 29.8573578
0.104161413 29.9186212
0.104305437 29.979969
0.104450007 30.0414016
0.104595126 30.1029191
0.104740796 30.164522
0.104887021 30.2262106
0.105033802 30.2879852
0.105181143 30.3498461
0.105329045 30.4117937
0.105477512 30.4738283
0.105626546 30.5359501
0.10577615 30.5981597
0.105926327 30.6604572
0.106077078 30.7228431
0.106228407 30.7853176
0.106380317 30.8478812
0.106532811 30.910534
0.10668589 30.9732766
0.106839558 31.0361092
0.106993818 31.0990322
0.107148672 31.1620459
0.107304124 31.2251507
0.107460176 31.2883469
0.107616831 31.3516349
0.107774092 31.415015
0.107931962 31.4784876
0.108090444 31.5420531
0.10824954 31.6057118
0.108409254 31.669464
0.108569589 31.7333102
0.108730547 31.7972507
0.108892133 31.8612858
0.109054348 31.925416
0.109217196 31.9896416
0.10938068 32.053963
0.109544802 32.1183805
0.109709568 32.1828945
0.109874978 32.2475055
0.110041037 32.3122137
0.110207747 32.3770196
0.110375113 32.4419235
0.110543137 32.5069259
0.110711822 32.5720271
0.110881172 32.6372274
0.111051189 32.7025274
0.111221878 32.7679274
0.111393242 32.8334278
0.111565284 32.8990289
0.111738007 32.9647313
0.111911415 33.0305352
0.112085511 33.0964411
0.112260299 33.1624494
0.112435782 33.2285605
0.112611964 33.2947747
0.112788848 33.3610927
0.112966438 33.4275146
0.113144738 33.494041
0.11332375 33.5606722
0.113503479 33.6274087
0.113683928 33.6942509
0.113865101 33.7611993
0.114047002 33.8282542
0.114229634 33.895416
0.114413002 33.9626853
0.114597108 34.0300624
0.114781957 34.0975478
0.114967553 34.1651419
0.115153899 34.2328452
0.115340999 34.300658
0.115528858 34.3685809
0.115717479 34.4366143
0.115906866 34.5047586
0.116097023 34.5730142
0.116287954 34.6413817
0.116479664 34.7098615
0.116672156 34.7784541
0.116865434 34.8471598
0.117059503 34.9159792
0.117254367 34.9849127
0.117450029 35.0539609
0.117646495 35.1231241
0.117843769 35.1924028
0.118041854 35.2617976
0.118240755 35.3313089
0.118440476 35.4009371
0.118641022 35.4706828
0.118842398 35.5405464
0.119044607 35.6105285
0.119247654 35.6806295
0.119451544 35.7508499
0.119656281 35.8211902
0.11986187 35.8916509
0.120068316 35.9622325
0.120275622 36.0329355
0.120483794 36.1037605
0.120692836 36.1747078
0.120902754 36.2457781
0.121113551 36.3169719
0.121325233 36.3882896
0.121537805 36.4597318
0.121751272 36.531299
0.121965637 36.6029918
0.122180907 36.6748106
0.122397087 36.746756
0.12261418 36.8188286
0.122832194 36.8910288
0.123051132 36.9633573
0.123270999 37.0358145
0.123491801 37.108401
0.123713544 37.1811174
0.123936232 37.2539641
0.12415987 37.3269418
0.124384465 37.4000511
0.124610021 37.4732924
0.124836543 37.5466664
0.125064038 37.6201736
0.125292511 37.6938146
0.125521967 37.7675899
0.125752412 37.8415002
0.125983851 37.915546
0.12621629 37.9897279
0.126449736 38.0640465
0.126684193 38.1385024
0.126919667 38.2130962
0.127156165 38.2878285
0.127393692 38.3626998
0.127632253 38.4377108
0.127871856 38.5128622
0.128112506 38.5881544
0.12835421 38.6635882
0.128596972 38.7391641
0.1288408 38.8148828
0.1290857 38.8907448
0.129331677 38.9667509
0.129578739 39.0429017
0.129826891 39.1191977
0.13007614 39.1956397
0.130326493 39.2722283
0.130577955 39.3489641
0.130830534 39.4258478
0.131084236 39.50288
0.131339068 39.5800614
0.131595036 39.6573927
0.131852148 39.7348745
0.13211041 39.8125075
0.132369828 39.8902924
0.13263041 39.9682299
0.132892164 40.0463206
0.133155095 40.1245653
0.133419211 40.2029646
0.133684519 40.2815192
0.133951026 40.3602298
0.13421874 40.4390972
0.134487668 40.518122
0.134757817 40.597305
0.135029195 40.6766469
0.13530181 40.7561483
0.135575667 40.8358101
0.135850777 40.9156329
0.136127145 40.9956175
0.13640478 41.0757647
0.13668369 41.1560751
0.136963883 41.2365496
0.137245366 41.3171888
0.137528147 41.3979936
0.137812235 41.4789647
0.138097637 41.5601028
0.138384363 41.6414088
0.138672419 41.7228835
0.138961815 41.8045275
0.139252559 41.8863417
0.139544659 41.968327
0.139838124 42.050484
0.140132963 42.1328136
0.140429184 42.2153166
0.140726795 42.2979938
0.141025807 42.380846
0.141326227 42.4638741
0.141628065 42.5470789
0.141931329 42.6304612
0.14223603 42.7140218
0.142542175 42.7977616
0.142849775 42.8816815
0.143158839 42.9657823
0.143469375 43.0500649
0.143781395 43.1345301
0.144094907 43.2191788
0.14440992 43.3040118
0.144726446 43.3890302
0.145044493 43.4742347
0.145364072 43.5596262
0.145685192 43.6452057
0.146007864 43.7309741
0.146332098 43.8169322
0.146657904 43.903081
0.146985293 43.9894214
0.147314274 44.0759544
0.14764486 44.1626809
0.147977059 44.2496018
0.148310884 44.336718
0.148646344 44.4240306
0.148983451 44.5115405
0.149322216 44.5992487
0.14966265 44.6871561
0.150004763 44.7752637
0.150348569 44.8635725
0.150694077 44.9520835
0.1510413 45.0407977
0.151390248 45.1297162
0.151740934 45.2188399
0.15209337 45.3081698
0.152447568 45.397707
0.152803539 45.4874526
0.153161295 45.5774074
0.15352085 45.6675728
0.153882215 45.7579495
0.154245403 45.8485388
0.154610426 45.9393418
0.154977298 46.0303594
0.15534603 46.1215928
0.155716636 46.213043
0.15608913 46.3047112
0.156463523 46.3965986
0.15683983 46.4887061
0.157218064 46.5810349
0.157598238 46.6735862
0.157980367 46.7663611
0.158364463 46.8593608
0.158750541 46.9525864
0.159138615 47.046039
0.159528699 47.1397199
0.159920808 47.2336303
0.160314955 47.3277712
0.160711156 47.422144
0.161109424 47.5167498
0.161509776 47.6115899
0.161912226 47.7066654
0.162316789 47.8019777
0.162723481 47.8975279
0.163132316 47.9933173
0.163543311 48.0893472
0.163956481 48.1856188
0.164371842 48.2821335
0.16478941 48.3788924
0.165209201 48.475897
0.165631232 48.5731485
0.166055519 48.6706482
0.166482079 48.7683975
0.166910928 48.8663977
0.167342084 48.9646501
0.167775563 49.0631561
0.168211383 49.1619171
0.168649562 49.2609344
0.169090117 49.3602095
0.169533065 49.4597437
0.169978426 49.5595385
0.170426216 49.6595952
0.170876455 49.7599154
0.17132916 49.8605003
0.171784351 49.9613516
0.172242047 50.0624706
0.172702266 50.1638588
0.173165028 50.2655177
0.173630352 50.3674488
0.174098258 50.4696537
0.174568766 50.5721337
0.175041896 50.6748906
0.175517668 50.7779257
0.175996102 50.8812408
0.176477219 50.9848372
0.176961041 51.0887166
0.177447588 51.1928807
0.177936881 51.297331
0.178428942 51.402069
0.178923793 51.5070966
0.179421455 51.6124152
0.179921951 51.7180266
0.180425304 51.8239323
0.180931535 51.9301342
0.181440668 52.0366339
0.181952726 52.1434331
0.182467732 52.2505335
0.18298571 52.3579368
0.183506683 52.4656449
0.184030676 52.5736594
0.184557714 52.6819822
0.18508782 52.790615
0.185621019 52.8995597
0.186157337 53.008818
0.186696799 53.1183919
0.187239431 53.228283
0.187785258 53.3384934
0.188334307 53.449025
0.188886604 53.5598795
0.189442176 53.6710589
0.190001051 53.7825651
0.190563254 53.8944002
0.191128815 54.0065659
0.19169776 54.1190644
0.192270119 54.2318976
0.19284592 54.3450676
0.193425191 54.4585762
0.194007962 54.5724257
0.194594262 54.686618
0.195184121 54.8011552
0.195777569 54.9160395
0.196374637 55.0312729
0.196975355 55.1468576
0.197579755 55.2627957
0.198187867 55.3790893
0.198799725 55.4957408
0.19941536 55.6127522
0.200034804 55.7301258
0.200658091 55.8478639
0.201285253 55.9659687
0.201916325 56.0844424
0.202551341 56.2032875
0.203190334 56.3225061
0.203833341 56.4421008
0.204480395 56.5620737
0.205131532 56.6824273
0.20578679 56.8031641
0.206446203 56.9242863
0.207109809 57.0457966
0.207777645 57.1676973
0.208449749 57.2899909
0.209126158 57.41268
0.209806913 57.5357671
0.210492051 57.6592547
0.211181611 57.7831455
0.211875635 57.907442
0.212574162 58.0321468
0.213277234 58.1572627
0.21398489 58.2827922
0.214697175 58.4087381
0.215414129 58.5351032
0.216135796 58.6618901
0.216862219 58.7891017
0.217593441 58.9167407
0.218329508 59.0448099
0.219070464 59.1733123
0.219816355 59.3022507
0.220567227 59.431628
0.221323126 59.5614472
0.222084099 59.6917111
0.222850194 59.8224229
0.22362146 59.9535854
0.224397946 60.0852018
0.2251797 60.2172751
0.225966772 60.3498085
0.226759215 60.482805
0.227557078 60.6162679
0.228360415 60.7502002
0.229169277 60.8846054
0.229983717 61.0194865
0.230803791 61.1548469
0.231629552 61.2906899
0.232461055 61.4270188
0.233298357 61.5638371
0.234141515 61.7011482
0.234990585 61.8389555
0.235845626 61.9772624
0.236706697 62.1160725
0.237573857 62.2553894
0.238447168 62.3952167
0.239326689 62.5355579
0.240212483 62.6764167
0.241104613 62.8177969
0.242003142 62.9597021
0.242908135 63.1021362
0.243819656 63.2451028
0.244737773 63.388606
0.245662552 63.5326495
0.24659406 63.6772373
0.247532367 63.8223734
0.248477543 63.9680617
0.249429656 64.1143063
0.250388781 64.2611113
0.251354987 64.4084809
0.25232835 64.5564192
0.253308943 64.7049303
0.254296842 64.8540187
0.255292123 65.0036885
0.256294864 65.1539442
0.257305143 65.3047901
0.25832304 65.4562307
0.259348635 65.6082704
0.26038201 65.7609138
0.261423249 65.9141656
0.262472434 66.0680302
0.263529651 66.2225124
0.264594987 66.377617
0.265668528 66.5333487
0.266750365 66.6897123
0.267840586 66.8467128
0.268939283 67.004355
0.270046549 67.1626441
0.271162477 67.321585
0.272287163 67.4811828
0.273420703 67.6414427
0.274563195 67.8023699
0.275714738 67.9639697
0.276875433 68.1262475
0.278045382 68.2892086
0.279224689 68.4528584
0.280413458 68.6172026
0.281611797 68.7822466
0.282819814 68.9479961
0.284037619 69.1144569
0.285265322 69.2816346
0.286503037 69.4495352
0.287750878 69.6181645
0.289008962 69.7875285
0.290277408 69.9576332
0.291556334 70.1284848
0.292845862 70.3000893
0.294146117 70.4724532
0.295457222 70.6455827
0.296779307 70.8194841
0.298112498 70.994164
0.299456928 71.169629
0.30081273 71.3458856
0.302180038 71.5229405
0.30355899 71.7008006
0.304949726 71.8794726
0.306352386 72.0589636
0.307767113 72.2392806
0.309194055 72.4204307
0.310633359 72.6024211
0.312085176 72.7852591
0.313549657 72.968952
0.315026959 73.1535074
0.316517238 73.3389327
0.318020656 73.5252358
0.319537374 73.7124242
0.321067558 73.9005058
0.322611376 74.0894887
0.324168998 74.2793807
0.325740598 74.4701902
0.327326352 74.6619252
0.328926438 74.8545942
0.330541038 75.0482056
0.332170338 75.242768
0.333814526 75.4382901
0.335473791 75.6347806
0.337148329 75.8322483
0.338838336 76.0307025
0.340544013 76.2301521
0.342265565 76.4306063
0.344003198 76.6320747
0.345757123 76.8345666
0.347527555 77.0380916
0.349314711 77.2426596
0.351118814 77.4482803
0.352940089 77.6549639
0.354778765 77.8627203
0.356635076 78.0715598
0.358509258 78.281493
0.360401554 78.4925303
0.362312208 78.7046823
0.364241471 78.91796
0.366189597 79.1323744
0.368156844 79.3479365
0.370143476 79.5646576
0.372149761 79.7825492
0.374175971 80.0016228
0.376222384 80.2218903
0.378289283 80.4433636
0.380376954 80.6660547
0.38248569 80.8899759
0.384615791 81.1151396
0.386767558 81.3415585
0.388941301 81.5692453
0.391137335 81.7982131
0.39335598 82.0284748
0.395597562 82.2600441
0.397862413 82.4929342
0.400150873 82.7271591
0.402463285 82.9627325
0.404800002 83.1996688
0.407161381 83.4379821
0.409547787 83.6776872
0.41195959 83.9187987
0.414397171 84.1613316
0.416860915 84.4053012
0.419351215 84.6507229
0.421868472 84.8976124
0.424413094 85.1459856
0.426985498 85.3958587
0.42958611 85.647248
0.432215361 85.9001703
0.434873693 86.1546424
0.437561557 86.4106816
0.440279412 86.6683052
0.443027725 86.9275309
0.445806976 87.1883769
0.44861765 87.4508613
0.451460245 87.7150026
0.454335269 87.9808198
0.457243238 88.2483321
0.460184681 88.5175587
0.463160137 88.7885196
0.466170155 89.0612349
0.469215297 89.3357249
0.472296136 89.6120104
0.475413258 89.8901125
0.478567259 90.1700526
0.481758749 90.4518525
0.484988351 90.7355344
0.488256701 91.0211207
0.491564449 91.3086345
0.494912258 91.5980988
0.498300806 91.8895376
0.501730786 92.1829747
0.505202904 92.4784347
0.508717885 92.7759425
0.512276466 93.0755235
0.515879404 93.3772033
0.519527469 93.6810083
0.523221451 93.986965
0.526962156 94.2951007
0.53075041 94.6054429
0.534587056 94.9180197
0.538472955 95.2328599
0.542408991 95.5499924
0.546396066 95.8694469
0.550435102 96.1912536
0.554527044 96.5154432
0.558672859 96.842047
0.562873535 97.1710969
0.567130084 97.5026253
0.571443542 97.8366652
0.575814971 98.1732503
0.580245454 98.5124148
0.584736104 98.8541938
0.58928806 99.1986227
0.593902486 99.5457379
0.598580578 99.8955763
0.603323558 100.248175
0.608132679 100.603574
0.613009226 100.961811
0.617954515 101.322926
0.622969894 101.68696
0.628056746 102.053954
0.633216488 102.423951
0.638450573 102.796994
0.643760492 103.173127
0.649147771 103.552394
0.65461398 103.934842
0.660160724 104.320516
0.665789655 104.709466
0.671502465 105.101739
0.677300892 105.497386
0.683186717 105.896456
0.689161772 106.299001
0.695227935 106.705075
0.701387137 107.114732
0.707641359 107.528025
0.713992637 107.945012
0.720443062 108.365751
0.726994782 108.790299
0.733650005 109.218717
0.740411 109.651066
0.7472801 110.087408
0.754259702 110.527809
0.761352272 110.972332
0.768560346 111.421046
0.775886533 111.874019
0.783333514 112.331319
0.790904052 112.79302
0.798600987 113.259194
0.806427244 113.729917
0.814385832 114.205264
0.822479852 114.685314
0.830712495 115.170148
0.83908705 115.659847
0.847606902 116.154496
0.856275542 116.654181
0.865096565 117.15899
0.87407368 117.669013
0.883210707 118.184343
0.892511587 118.705075
0.901980384 119.231306
0.911621291 119.763135
0.921438632 120.300665
0.931436872 120.844
0.941620618 121.393247
0.951994625 121.948517
0.962563806 122.509922
0.973333233 123.077578
0.984308145 123.651604
0.995493957 124.232122
1.00689627 124.819257
1.01852085 125.413137
1.0303737 126.013894
1.042461 126.621664
1.05478914 127.236587
1.06736474 127.858804
1.08019466 128.488462
1.09328598 129.125714
1.10664606 129.770714
1.12028249 130.423621
1.13420315 131.0846
1.14841621 131.753819
1.16293013 132.431452
1.17775367 133.117679
1.19289595 133.812682
1.20836639 134.516651
1.22417479 135.229781
1.2403313 135.952274
1.25684648 136.684335
1.27373128 137.426178
1.29099708 138.178022
1.30865571 138.940095
1.32671946 139.71263
1.34520111 140.495867
1.36411394 141.290055
1.38347179 142.095451
1.40328904 142.912319
1.42358067 143.740932
1.44436229 144.581573
1.46565014 145.434533
1.48746115 146.300114
1.50981298 147.178626
1.53272404 148.070392
1.55621353 148.975744
1.58030148 149.895028
1.60500882 150.828598
1.6303574 151.776824
1.65637004 152.740088
1.68307059 153.718786
1.710484 154.713326
1.73863636 155.724135
1.76755496 156.751651
1.79726839 157.796333
1.82780657 158.858653
1.85920087 159.939103
1.89148416 161.038193
1.92469091 162.156455
1.95885728 163.294437
1.99402126 164.452714
2.0302227 165.631879
2.06750349 166.832553
2.10590767 168.055378
2.14548155 169.301026
2.18627387 170.570194
2.22833594 171.863611
2.27172181 173.182034
2.31648844 174.526254
2.36269591 175.897096
2.41040762 177.295421
2.45969049 178.722128
2.51061523 180.178155
2.56325659 181.664484
2.61769361 183.182143
2.67400999 184.732203
2.73229434 186.315791
2.7926406 187.934083
2.85514836 189.588313
2.91992336 191.279775
2.98707787 193.009826
3.05673124 194.779892
3.12901038 196.591468
3.20405041 198.446129
3.28199528 200.345528
3.36299845 202.291407
3.44722367 204.2856
3.53484583 206.330038
3.62605187 208.426759
3.7210418 210.577914
3.8200298 212.785775
3.92324546 215.05274
4.03093509 217.38135
4.14336326 219.774291
4.26081441 222.234412
4.38359469 224.764731
4.51203396 227.368452
4.64648802 230.04898
4.78734116 232.809933
4.93500884 235.655163
5.08994087 238.588773
5.25262483 241.615138
5.42358993 244.738928
5.60341139 247.965136
5.79271527 251.299101
5.99218401 254.746543
6.2025626 258.313597
6.42466562 262.00685
6.65938515 265.833381
6.90769979 269.800815
7.17068496 273.917371
7.4495246 278.19192
7.74552459 282.634057
8.0601281 287.254169
8.39493333 292.063524
8.75171386 297.074365
9.13244231 302.300015
9.53931772 307.755003
9.97479747 313.455199
10.4416345 319.417976
10.9429211 325.662388
11.4821403 332.209384
12.0632264 339.082043
12.6906374 346.305855
13.3694405 353.909041
14.1054148 361.922933
14.9051749 370.382406
15.7763196 379.3264
16.7276132 388.798526
17.7692067 398.847781
18.9129087 409.52941
20.1725217 420.905931
21.564259 433.048362
23.1072676 446.037716
24.8242885 459.966818
26.7424963 474.94252
28.8945765 491.08845
31.3201204 508.548417
34.06745 527.490673
37.1960288 548.11331
40.7796853 570.651121
44.9109765 595.384445
49.7071752 622.65066
55.3186063 652.859309
61.9404472 686.512234
69.8297281 724.230747
79.3303172 766.792811
90.9104511 815.184713
105.220516 870.674064
123.184488 934.914722
146.149223 1010.10034
176.136985 1099.19303
216.29026 1206.26907
271.692627 1337.04552
350.966875 1499.6718
469.582575 1705.8308
657.18101 1971.78932
974.916753 2316.69401
1557.8401 2742.72007
2700.44006 3114.73299
4739.60574 2630.20499
6097.90838 -211.391727
4360.55114 -2682.77998
2457.11811 -2915.63212
1434.94355 -2509.14125
909.942215 -2093.81941
619.927031 -1762.93423
446.60897 -1508.0282
335.933892 -1309.94045
261.376719 -1153.18018
208.935243 -1026.72615
170.727629 -922.893795
142.06842 -836.280088
120.040823 -763.020979
102.756555 -700.299748
88.9515159 -646.024128
77.7546375 -598.612284
68.5503885 -556.84871
60.8941088 -519.785452
54.458255 -486.673201
48.9973374 -456.912379
44.3244905 -430.017845
40.2954766 -405.593052
36.7975498 -383.310847
33.7415655 -362.89902
31.0563003 -344.1293
28.6843028 -326.808878
26.5788215 -310.773808
24.7015027 -295.883828
23.0206453 -282.018241
21.5098646 -269.072638
20.147058 -256.956243
18.9135981 -245.589766
17.793698 -234.903649
16.7739073 -224.836616
15.8427093 -215.334484
14.9901973 -206.34916
14.2078117 -197.837819
13.4881268 -189.762196
12.8246748 -182.087996
12.2118016 -174.784395
11.6445474 -167.823611
11.1185462 -161.180538
10.6299434 -154.832427
10.175325 -148.758623
9.75165895 -142.940324
9.35624487 -137.360377
8.9866716 -132.003104
8.64078081 -126.854144
8.31663591 -121.900319
8.01249529 -117.129512
7.72678927 -112.530562
7.45810021 -108.093172
7.20514515 -103.807829
6.96676083 -99.6657226
6.74189056 -95.6586898
6.52957275 -91.7791502
6.32893084 -88.0200561
6.13916451 -84.3748462
5.95954188 -80.8374033
5.7893926 -77.4020172
5.62810185 -74.0633505
5.47510492 -70.8164082
5.32988238 -67.6565101
5.19195591 -64.5792658
5.06088442 -61.5805521
4.9362607 -58.6564921
4.8177084 -55.8034368
4.70487924 -53.0179479
4.59745064 -50.2967822
4.49512347 -47.6368773
4.3976201 -45.0353384
4.30468261 -42.4894268
4.21607114 -39.9965486
4.13156249 -37.5542446
4.05094874 -35.1601812
3.9740361 -32.8121418
3.90064376 -30.5080187
3.83060296 -28.2458062
3.76375606 -26.0235937
3.69995571 -23.8395592
3.63906412 -21.6919641
3.58095234 -19.5791473
3.52549969 -17.4995207
3.47259313 -15.451564
3.42212675 -13.433821
3.37400133 -11.4448951
3.32812382 -9.48344605
3.28440702 -7.54818581
3.24276915 -5.63787582
3.2031335 -3.75132372
3.16542817 -1.88738046
3.12958574 -0.0449376489
3.095543 1.77707499
3.06324073 3.57969204
3.03262344 5.36391459
3.0036392 7.13071241
2.97623941 8.88102593
2.95037864 10.6157681
2.92601449 12.3358264
2.90310739 14.0420641
2.8816205 15.7353224
2.86151957 17.4164218
2.84277282 19.0861632
2.82535085 20.74533
2.80922652 22.394689
2.79437487 24.0349916
2.78077306 25.6669755
2.76840024 27.2913654
2.75723756 28.9088748
2.74726803 30.5202062
2.73847654 32.1260532
2.73084976 33.7271009
2.72437611 35.324027
2.71904577 36.9175032
2.71485056 38.5081959
2.711784 40.096767
2.70984125 41.6838754
2.7090191 43.2701773
2.70931596 44.8563279
2.71073186 46.4429817
2.71326844 48.0307937
2.71692897 49.6204204
2.72171835 51.2125206
2.72764313 52.8077565
2.73471152 54.4067946
2.74293343 56.0103069
2.75232049 57.6189712
2.76288608 59.233473
2.77464539 60.8545061
2.78761545 62.4827737
2.80181521 64.1189892
2.81726556 65.7638781
2.83398942 67.4181785
2.85201183 69.0826422
2.87135998 70.7580368
2.89206338 72.4451461
2.91415387 74.1447718
2.93766578 75.8577351
2.96263605 77.5848779
2.98910432 79.3270643
3.0171131 81.0851827
3.04670793 82.860147
3.07793749 84.6528986
3.11085384 86.4644083
3.14551257 88.2956783
3.18197302 90.1477444
3.22029854 92.0216781
3.26055668 93.9185893
3.3028195 95.8396284
3.34716383 97.7859892
3.39367162 99.7589121
3.44243026 101.759687
3.49353297 103.789655
3.54707917 105.850215
3.60317498 107.942827
3.66193364 110.069011
3.72347611 112.230359
3.78793156 114.428533
3.85543807 116.665277
3.92614329 118.942413
4.00020516 121.261856
4.07779282 123.625614
4.1590874 126.035799
4.24428313 128.494631
4.33358834 131.004447
4.42722671 133.567711
4.52543861 136.187021
4.62848251 138.86512
4.73663665 141.604909
4.85020081 144.409455
4.9694983 147.282007
5.09487815 150.22601
5.22671761 153.245119
5.36542482 156.343219
5.5114419 159.524442
5.66524832 162.793185
5.82736474 166.154138
5.99835727 169.612307
6.17884229 173.173039
6.3694918 176.842057
6.5710396 180.62549
6.7842881 184.529915
7.0101162 188.562393
7.24948809 192.730523
7.5034634 197.042486
7.77320866 201.507111
8.06001051 206.133935
8.36529076 210.933279
8.69062377 215.916331
9.03775647 221.095237
9.40863148 226.483209
9.80541401 232.094646
10.2305231 237.945267
10.686668 244.05227
11.1768913 250.434508
11.7046187 257.112697
12.2737189 264.109648
12.8885735 271.450543
13.5541612 279.163248
14.276158 287.278682
15.0610572 295.831249
15.916315 304.859338
16.8505266 314.40592
17.8736419 324.519251
18.9972286 335.25371
20.2347992 346.670794
21.6022155 358.840327
23.1181962 371.841906
24.8049561 385.766673
26.6890191 400.719475
28.802259 416.821529
31.1832472 434.213727
33.8790111 453.060778
36.9473555 473.556425
40.4599608 495.930093
44.5065703 520.455426
49.200723 547.461378
54.6877226 577.346786
61.155888 610.599725
68.8527255 647.823592
78.1086267 689.772722
89.3723592 737.401786
103.265517 791.935411
120.668353 854.968019
142.859304 928.609577
171.749805 1015.70215
210.295536 1120.14675
263.25032 1247.40106
338.622729 1405.23058
450.664828 1604.77243
626.429676 1861.65679
921.169147 2195.06601
1456.0021 2612.49218
2498.7798 3014.01728
4428.16432 2740.2811
6106.1541 197.816188
4671.93573 -2583.14808
2655.07857 -3018.52045
1534.93071 -2639.07663
962.898024 -2214.76068
650.354673 -1872.34425
465.41709 -1608.36144
348.273833 -1403.63725
269.870659 -1242.04259
215.013121 -1112.01526
175.21675 -1005.4911
145.472009 -916.810698
122.678246 -841.936705
104.837964 -777.933655
90.6195679 -722.626454
79.1088159 -674.374409
69.661724 -631.919425
61.8143783 -594.282209
55.2258999 -560.690018
49.6413687 -530.5255
44.8671255 -503.289851
40.7539556 -478.575893
37.1854115 -456.048106
34.0695574 -435.427627
31.3330388 -416.480849
28.9167579 -399.01064
26.7726778 -382.849529
24.8614319 -367.854353
23.150513 -353.902017
21.6128898 -340.886113
20.2259367 -328.714189
18.9706007 -317.305547
17.8307454 -306.589435
16.7926319 -296.503564
15.8445042 -286.992883
14.9762553 -278.008561
14.1791576 -269.507133
13.4456433 -261.449786
12.7691242 -253.801751
12.1438434 -246.531793
11.5647528 -239.611774
11.0274108 -233.016278
10.5278972 -226.72229
10.0627411 -220.708918
9.62886073 -214.957159
9.22351239 -209.449685
8.8442467 -204.170664
8.48887163 -199.105605
8.1554207 -194.241215
7.84212576 -189.565281
7.5473934 -185.066559
7.26978467 -180.734685
7.00799746 -176.560086
6.76085118 -172.533907
6.52727339 -168.647947
6.30628814 -164.894596
6.09700573 -161.266788
5.89861375 -157.757948
5.71036912 -154.361953
5.53159115 -151.073092
5.36165532 -147.886035
5.19998785 -144.795797
5.04606081 -141.797716
4.89938778 -138.887422
4.75952003 -136.060819
4.62604305 -133.31406
4.49857344 -130.643532
4.37675621 -128.045833
4.26026224 -125.517765
4.14878605 -123.056312
4.04204383 -120.658628
3.9397716 -118.322028
3.84172356 -116.043977
3.74767061 -113.822076
3.65739903 -111.654056
3.57070922 -109.537767
3.48741464 -107.471172
3.40734076 -105.452342
3.33032416 -103.479443
3.25621169 -101.550733
3.18485971 -99.6645602
3.11613336 -97.8193504
3.04990599 -96.0136073
2.98605849 -94.2459058
2.92447881 -92.5148883
2.86506144 -90.8192608
2.80770697 -89.1577889
2.75232166 -87.5292945
2.69881708 -85.9326527
2.6471097 -84.366789
2.59712063 -82.8306759
2.54877529 -81.3233309
2.5020031 -79.843814
2.45673729 -78.391225
2.41291459 -76.9647018
2.37047504 -75.5634183
2.32936181 -74.1865825
2.28952095 -72.8334347
2.25090128 -71.5032458
2.21345416 -70.1953161
2.17713338 -68.9089734
2.14189501 -67.6435718
2.10769726 -66.3984906
2.07450035 -65.1731329
2.04226641 -63.9669243
2.01095935 -62.7793123
1.98054479 -61.6097646
1.95098993 -60.4577689
1.92226352 -59.3228314
1.89433568 -58.2044763
1.86717792 -57.1022447
1.84076301 -56.015694
1.81506495 -54.9443974
1.79005887 -53.8879426
1.76572097 -52.8459318
1.74202851 -51.8179807
1.71895971 -50.8037181
1.69649372 -49.802785
1.67461057 -48.8148347
1.65329112 -47.8395316
1.63251703 -46.8765513
1.61227072 -45.9255798
1.59253533 -44.9863131
1.57329465 -44.058457
1.55453316 -43.1417266
1.53623595 -42.2358457
1.51838869 -41.3405468
1.50097761 -40.4555706
1.4839895 -39.5806657
1.46741163 -38.7155882
1.45123177 -37.8601016
1.43543818 -37.0139764
1.42001952 -36.1769897
1.4049649 -35.3489254
1.39026385 -34.5295733
1.37590626 -33.7187296
1.3618824 -32.9161958
1.3481829 -32.1217795
1.33479873 -31.3352935
1.32172118 -30.5565555
1.30894185 -29.7853887
1.29645264 -29.0216207
1.28424574 -28.2650841
1.27231361 -27.5156157
1.26064897 -26.7730568
1.24924479 -26.0372529
1.23809429 -25.3080534
1.22719092 -24.5853117
1.21652833 -23.8688851
1.20610043 -23.1586342
1.19590128 -22.4544235
1.18592518 -21.7561206
1.1761666 -21.0635966
1.16662019 -20.3767256
1.15728078 -19.695385
1.14814337 -19.0194549
1.13920312 -18.3488186
1.13045534 -17.6833619
1.1218955 -17.0229735
1.1135192 -16.3675446
1.1053222 -15.7169689
1.09730037 -15.0711426
1.08944973 -14.4299644
1.08176641 -13.7933352
1.07424666 -13.1611579
1.06688685 -12.533338
1.05968346 -11.9097827
1.05263308 -11.2904014
1.04573241 -10.6751055
1.03897823 -10.0638084
1.03236742 -9.45642495
1.02589699 -8.85287223
1.01956398 -8.25306885
1.01336557 -7.65693514
1.00729899 -7.06439308
1.00136157 -6.47536624
0.99555071 -5.88977973
0.989863885 -5.30756016
0.984298649 -4.72863559
0.978852623 -4.15293551
0.973523498 -3.58039076
0.968309031 -3.01093352
0.963207044 -2.44449728
0.958215421 -1.88101676
0.953332106 -1.32042793
0.948555103 -0.762667912
0.94388247 -0.207675013
0.939312321 0.344611355
0.934842824 0.894250691
0.930472198 1.44130143
0.926198712 1.98582099
0.922020684 2.52786578
0.917936477 3.06749124
0.913944502 3.60475187
0.910043214 4.13970124
0.90623111 4.67239204
0.902506728 5.20287609
0.89886865 5.73120437
0.895315494 6.25742703
0.891845917 6.78159342
0.888458614 7.30375214
0.885152316 7.823951
0.881925789 8.34223711
0.878777833 8.85865685
0.875707281 9.37325591
0.872712999 9.88607931
0.869793885 10.3971714
0.866948866 10.9065759
0.864176899 11.414336
0.861476973 11.920494
0.858848101 12.4250921
0.856289326 12.9281714
0.853799718 13.4297728
0.851378373 13.9299366
0.849024412 14.4287026
0.846736981 14.9261098
0.84451525 15.4221971
0.842358415 15.9170027
0.840265691 16.4105645
0.83823632 16.9029197
0.836269562 17.3941053
0.834364702 17.8841578
0.832521045 18.3731131
0.830737915 18.8610071
0.829014658 19.3478749
0.827350639 19.8337515
0.825745243 20.3186713
0.824197871 20.8026686
0.822707947 21.2857772
0.821274909 21.7680306
0.819898215 22.249462
0.818577339 22.7301041
0.817311773 23.2099897
0.816101026 23.689151
0.814944622 24.1676198
0.813842101 24.645428
0.812793019 25.1226071
0.811796949 25.5991881
0.810853477 26.075202
0.809962205 26.5506796
0.809122749 27.0256513
0.80833474 27.5001473
0.807597823 27.9741978
0.806911657 28.4478326
0.806275913 28.9210812
0.805690278 29.3939732
0.805154451 29.8665379
0.804668144 30.3388043
0.804231082 30.8108014
0.803843003 31.2825579
0.803503657 31.7541026
0.803212807 32.2254638
0.802970229 32.6966701
0.802775708 33.1677494
0.802629044 33.6387301
0.802530048 34.10964
0.802478542 34.5805071
0.802474359 35.0513592
0.802517346 35.5222239
0.802607358 35.9931288
0.802744264 36.4641014
0.802927942 36.9351693
0.803158283 37.4063598
0.803435187 37.8777001
0.803758567 38.3492177
0.804128344 38.8209396
0.804544452 39.2928931
0.805006835 39.7651053
0.805515448 40.2376033
0.806070256 40.7104142
0.806671233 41.183565
0.807318367 41.6570829
0.808011654 42.1309948
0.8087511 42.6053278
0.809536723 43.0801091
0.810368551 43.5553655
0.811246622 44.0311244
0.812170983 44.5074126
0.813141694 44.9842575
0.814158824 45.4616862
0.815222452 45.9397259
0.816332667 46.418404
0.817489571 46.8977476
0.818693272 47.3777844
0.819943893 47.8585416
0.821241565 48.3400468
0.822586429 48.8223277
0.823978638 49.305412
0.825418355 49.7893275
0.826905754 50.274102
0.82844102 50.7597636
0.830024346 51.2463403
0.83165594 51.7338605
0.833336018 52.2223524
0.835064809 52.7118446
0.836842551 53.2023656
0.838669494 53.6939443
0.8405459 54.1866095
0.842472043 54.6803903
0.844448205 55.175316
0.846474684 55.671416
0.848551787 56.1687198
0.850679834 56.6672572
0.852859156 57.1670582
0.855090097 57.6681528
0.857373013 58.1705716
0.859708272 58.674345
0.862096256 59.1795039
0.864537359 59.6860792
0.867031987 60.1941022
0.86958056 60.7036045
0.872183511 61.2146176
0.874841287 61.7271738
0.877554349 62.2413052
0.880323172 62.7570443
0.883148242 63.2744241
0.886030065 63.7934775
0.888969156 64.3142381
0.89196605 64.8367395
0.895021292 65.3610158
0.898135447 65.8871014
0.901309092 66.4150309
0.904542823 66.9448394
0.90783725 67.4765623
0.911193 68.0102353
0.914610718 68.5458946
0.918091065 69.0835767
0.921634721 69.6233185
0.925242381 70.1651573
0.928914761 70.7091308
0.932652594 71.2552772
0.936456633 71.8036351
0.94032765 72.3542434
0.944266437 72.9071417
0.948273805 73.46237
0.952350588 74.0199686
0.956497638 74.5799785
0.960715831 75.1424411
0.965006065 75.7073985
0.969369259 76.274893
0.973806356 76.8449677
0.978318323 77.4176663
0.982906151 77.9930329
0.987570854 78.5711122
0.992313473 79.1519496
0.997135075 79.7355911
1.00203675 80.3220833
1.00701963 80.9114734
1.01208485 81.5038094
1.01723359 82.0991398
1.02246706 82.6975141
1.02778649 83.2989821
1.03319315 83.9035946
1.03868834 84.5114032
1.04427339 85.1224601
1.04994967 85.7368184
1.05571856 86.3545319
1.06158151 86.9756553
1.06753998 87.6002442
1.07359548 88.228355
1.07974955 88.8600451
1.08600379 89.4953725
1.09235979 90.1343966
1.09881925 90.7771774
1.10538385 91.4237761
1.11205535 92.0742547
1.11883554 92.7286765
1.12572627 93.3871057
1.13272941 94.0496076
1.13984692 94.7162486
1.14708077 95.3870964
1.154433 96.0622197
1.16190571 96.7416885
1.16950104 97.425574
1.17722118 98.1139487
1.18506841 98.8068864
1.19304505 99.5044623
1.20115347 100.206753
1.20939611 100.913836
1.2177755 101.625791
1.2262942 102.342699
1.23495487 103.064642
1.24376023 103.791705
1.25271307 104.523972
1.26181625 105.261532
1.27107274 106.004472
1.28048555 106.752885
1.29005781 107.506861
1.29979272 108.266496
1.30969357 109.031886
1.31976374 109.803129
1.33000672 110.580325
1.34042609 111.363577
1.35102552 112.152989
1.36180881 112.948668
1.37277986 113.750722
1.38394267 114.559262
1.39530139 115.374403
1.40686026 116.19626
1.41862365 117.024952
1.43059609 117.860599
1.4427822 118.703327
1.45518679 119.55326
1.46781476 120.410529
1.48067122 121.275266
1.49376138 122.147607
1.50709066 123.027689
1.52066461 123.915655
1.53448898 124.81165
1.54856969 125.715821
1.56291285 126.628321
1.57752476 127.549306
1.59241194 128.478935
1.6075811 129.41737
1.62303919 130.36478
1.63879336 131.321336
1.65485103 132.287212
1.67121984 133.26259
1.6879077 134.247653
1.70492278 135.242591
1.72227354 136.247598
1.73996871 137.262873
1.75801735 138.28862
1.77642881 139.32505
1.79521278 140.372377
1.81437928 141.430823
1.8339387 142.500615
1.85390181 143.581985
1.87427974 144.675174
1.89508405 145.780428
1.91632672 146.898
1.93802017 148.02815
1.96017729 149.171146
1.98281144 150.327263
2.00593649 151.496786
2.02956687 152.680004
2.05371752 153.877219
2.07840399 155.088741
2.10364243 156.314886
2.12944965 157.555983
2.1558431 158.812371
2.18284094 160.084398
2.21046208 161.372423
2.2387262 162.676816
2.26765378 163.997961
2.29726618 165.336251
2.32758564 166.692095
2.35863534 168.065912
2.39043947 169.458138
2.42302325 170.869221
2.45641303 172.299625
2.49063629 173.749829
2.52572175 175.220331
2.56169942 176.711643
2.59860067 178.224297
2.63645832 179.758843
2.6753067 181.315849
2.71518174 182.895908
2.75612108 184.49963
2.79816416 186.127649
2.84135232 187.780623
2.88572891 189.459236
2.93133943 191.164194
2.97823164 192.896235
3.0264557 194.656123
3.07606434 196.444651
3.12711299 198.262647
3.17965997 200.110969
3.23376669 201.990511
3.28949781 203.902205
3.34692148 205.84702
3.40610956 207.825967
3.46713789 209.8401
3.53008653 211.890519
3.59504008 213.978369
3.66208796 216.104851
3.73132477 218.271215
3.80285066 220.47877
3.87677175 222.728886
3.95320051 225.022994
4.03225627 227.362596
4.11406573 229.749263
4.19876351 232.184643
4.28649277 234.670466
4.37740586 237.208547
4.47166507 239.800794
4.56944338 242.44921
4.67092538 245.155906
4.77630819 247.923101
4.88580253 250.753136
4.99963385 253.648475
5.11804362 256.611721
5.24129068 259.645622
5.36965286 262.753083
5.50342861 265.937174
5.64293891 269.201149
5.78852936 272.548453
5.94057253 275.982742
6.09947049 279.507895
6.26565772 283.128036
6.43960429 286.847553
6.62181949 290.671115
6.8128558 294.603703
7.01331341 298.650631
7.22384531 302.817577
7.44516296 307.110616
7.67804275 311.536253
7.92333327 316.101466
8.18196357 320.813748
8.45495257 325.681156
8.74341971 330.712367
9.04859715 335.916739
9.3718438 341.304379
9.71466126 346.886222
10.0787124 352.674119
10.4658424 358.680933
10.8781039 364.920654
11.3177851 371.408523
11.7874436 378.161181
12.289945 385.196829
12.8285092 392.535422
13.4067639 400.198884
14.0288088 408.211361
14.699291 416.599509
15.4234955 425.392835
16.2074537 434.624085
17.058073 444.32971
17.9832952 454.550401
18.9922874 465.331732
20.0956771 476.724915
21.30584 488.787701
22.6372576 501.585463
24.1069618 515.192497
25.7350939 529.693599
27.5456113 545.185986
29.5671886 561.781663
31.8343771 579.610331
34.3891102 598.823027
37.2826773 619.596678
40.578342 642.139879
44.3548537 666.700268
48.7112187 693.574052
53.7732743 723.11843
59.7028838 755.767992
66.7110158 792.056637
75.0766913 832.647258
85.1749976 878.372545
97.5194561 930.291951
112.827745 989.772555
132.126598 1058.6059
156.924747 1139.17983
189.508691 1234.73562
233.470368 1349.758
294.695223 1490.56883
383.318395 1666.2088
517.85055 1889.60098
734.498781 2178.30737
1109.58299 2550.38093
1813.61275 2990.22531
3197.60746 3255.1618
5380.00535 2193.76447
5843.57578 -1053.73978
3724.09618 -2772.93416
2093.18347 -2686.23968
1252.97489 -2248.8109
814.000861 -1853.6117
565.807277 -1543.90849
414.471193 -1304.56289
316.265584 -1117.02661
249.265113 -967.169349
201.668617 -845.048044
166.72216 -743.723283
140.354206 -658.293175
119.999992 -585.231803
103.982373 -521.953538
91.1689244 -466.526463
80.7735615 -417.481622
72.2372996 -373.683926
65.1541581 -334.243211
59.2237367 -298.451856
54.2200593 -265.740284
49.9706253 -235.644702
46.3420253 -207.78336
43.2298781 -181.838837
40.5516706 -157.544644
38.2415845 -134.674973
36.2467065 -113.036756
34.5242166 -92.4634487
33.0392798 -72.8101079
31.7634486 -53.9494587
30.6734428 -35.768712
29.7502103 -18.1669651
28.9782024 -1.05305343
28.3448105 15.6562477
27.8399319 32.0377478
27.455634 48.1631553
27.1859009 64.100229
27.0264458 79.913808
26.97458 95.6667539
27.0291319 111.420834
27.1904115 127.237571
27.460218 143.179089
27.8418923 159.30897
28.3404158 175.693158
28.9625608 192.400929
29.7171013 209.50596
30.6150947 227.087541
31.6702507 245.231951
32.8994098 264.034085
34.3231601 283.599364
35.9666341 304.046039
37.8605411 325.507986
40.0425119 348.138141
42.5588647 372.112764
45.4669434 397.636793
48.8382478 424.950634
52.7626712 454.338865
57.3543137 486.141524
62.759571 520.768917
69.1685703 558.721301
76.8316246 600.61538
86.0833744 647.22051
97.3789838 699.508928
111.349744 758.726578
128.890852 826.494763
151.30431 904.958632
180.539872 997.007993
219.617874 1106.61075
273.406191 1239.32073
350.125443 1403.04313
464.446916 1609.1119
644.312118 1873.3899
946.993474 2215.07882
1498.38228 2639.96034
2575.69544 3036.51901
4546.11533 2696.47989
6119.22625 46.3209691
4568.56736 -2625.67513
2590.2467 -2980.39837
1505.97569 -2585.67645
951.308554 -2159.91033
647.125955 -1817.0696
466.552056 -1551.73909
351.897809 -1344.7159
275.039215 -1180.08939
221.219418 -1046.48417
182.17496 -935.964851
153.015331 -842.955804
130.707761 -763.472866
113.295522 -694.613395
99.4727328 -634.221448
88.342172 -580.666057
79.2716954 -532.692123
71.8060786 -489.318338
65.6111965 -449.766037
60.4377053 -413.408713
56.0968365 -379.735597
52.4439157 -348.324958
49.3669251 -318.824225
46.7784329 -290.934974
44.6098155 -264.401412
42.8070698 -239.00143
41.3277506 -214.539531
40.1387168 -190.841151
39.2144721 -167.748014
38.5359509 -145.114257
38.0896489 -122.803104
37.867027 -100.683939
37.8641437 -78.6296356
38.0814885 -56.5140345
38.5240044 -34.2094555
39.2012993 -11.5841497
40.1280652 11.5004199
41.3247327 35.1925874
42.8184158 59.6539207
44.644219 85.0632614
46.8470223 111.621585
49.4839032 139.55797
52.6274324 169.137066
56.3701872 200.668578
60.8309975 234.519506
66.163697 271.130173
72.5695726 311.035506
80.3153807 354.89373
89.7599359 403.525655
101.394222 457.969339
115.903423 519.557456
134.265567 590.028759
157.91346 671.691604
189.010295 767.668071
230.938547 882.263703
289.20948 1021.53058
373.250335 1194.1086
500.142004 1412.36512
702.988868 1693.31026
1050.91554 2055.69387
1697.69211 2493.07798
2969.88334 2816.69084
5108.7409 2034.44492
5997.49017 -1077.84218
4002.74996 -3134.73659
2248.53638 -3170.16868
1331.90335 -2740.83527
856.836509 -2334.89144
590.895524 -2014.67878
430.079862 -1767.46074
326.384991 -1574.33723
255.969041 -1420.57651
206.107981 -1295.76901
169.572194 -1192.65441
142.02982 -1106.11513
120.766037 -1032.47972
104.013213 -969.063177
90.5821519 -913.864831
79.6498666 -865.367636
70.6325978 -822.402652
63.1072213 -784.055896
56.7611217 -749.603163
51.359363 -718.463645
46.7226738 -690.166372
42.7123664 -664.325589
39.2198081 -640.622415
36.1589409 -618.791015
33.4608837 -598.608052
31.0699799 -579.88454
28.9408657 -562.459497
27.0362691 -546.194955
25.3253378 -530.971984
23.7823567 -516.687525
22.3857549 -503.251822
21.117329 -490.586341
19.9616308 -478.622069
18.9054818 -467.298104
17.9375836 -456.560501
17.0482051 -446.361298
16.2289282 -436.657708
15.4724404 -427.411434
14.7723648 -418.588095
14.1231199 -410.156732
13.5198028 -402.089393
12.958093 -394.360771
12.4341706 -386.947898
11.944648 -379.829879
11.486513 -372.987661
11.0570789 -366.403831
10.6539439 -360.062443
10.2749547 -353.948867
9.91817696 -348.049651
9.58186826 -342.352404
9.2644561 -336.845695
8.96451809 -331.51896
8.6807651 -326.362415
8.41202639 -321.366992
8.15723683 -316.52427
7.91542553 -311.826416
7.68570601 -307.266137
7.46726749 -302.83663
7.25936719 -298.531547
7.06132358 -294.344948
6.87251039 -290.271275
6.69235127 -286.30532
6.52031507 -282.442195
6.35591161 -278.677311
6.19868795 -275.006349
6.048225 -271.425248
5.9041345 -267.930178
5.76605635 -264.51753
5.63365617 -261.183894
5.50662307 -257.926049
5.38466776 -254.74095
5.26752069 -251.625711
5.15493048 -248.577601
5.04666245 -245.59403
4.94249732 -242.672539
4.84222995 -239.810793
4.74566832 -237.006573
4.65263249 -234.257769
4.56295369 -231.56237
4.47647351 -228.918464
4.39304314 -226.324226
4.31252268 -223.777916
4.23478049 -221.277872
4.15969261 -218.822509
4.08714225 -216.41031
4.01701926 -214.039825
3.94921972 -211.709667
3.88364549 -209.418506
3.82020384 -207.16507
3.75880711 -204.948138
3.69937234 -202.766539
3.64182102 -200.619151
3.58607878 -198.504893
3.53207514 -196.42273
3.47974326 -194.371665
3.42901973 -192.350739
3.37984435 -190.35903
3.33215996 -188.39565
3.28591225 -186.459742
3.24104957 -184.550483
3.19752282 -182.667076
3.15528526 -180.808755
3.11429243 -178.974779
3.07450195 -177.164433
3.03587349 -175.377024
2.99836859 -173.611886
2.96195059 -171.868372
2.92658453 -170.145856
2.89223706 -168.443733
2.85887635 -166.761417
2.82647203 -165.098339
2.79499509 -163.45395
2.76441782 -161.827714
2.73471377 -160.219113
2.70585765 -158.627644
2.6778253 -157.052818
2.65059362 -155.494159
2.62414052 -153.951207
2.59844491 -152.423512
2.57348659 -150.910636
2.54924627 -149.412155
2.52570547 -147.927653
2.50284655 -146.456726
2.48065262 -144.998981
2.45910754 -143.554033
2.43819586 -142.121507
2.41790282 -140.701037
2.39821431 -139.292266
2.37911682 -137.894843
2.36059747 -136.508426
2.34264394 -135.132681
2.32524446 -133.767281
2.30838779 -132.411904
2.29206322 -131.066236
2.27626052 -129.729968
2.26096993 -128.402799
2.24618217 -127.084431
2.23188841 -125.774572
2.21808021 -124.472937
2.2047496 -123.179243
2.19188899 -121.893213
2.17949118 -120.614574
2.16754936 -119.343058
2.15605708 -118.078399
2.14500827 -116.820336
2.13439721 -115.568612
2.12421852 -114.322972
2.11446714 -113.083164
2.10513836 -111.848939
2.0962278 -110.620053
2.08773138 -109.39626
2.07964534 -108.17732
2.07196621 -106.962994
2.06469084 -105.753045
2.05781637 -104.547237
2.05134025 -103.345336
2.04526019 -102.14711
2.03957421 -100.952328
2.03428061 -99.7607597
2.02937797 -98.5721757
2.02486518 -97.3863477
2.02074137 -96.2030478
2.01700598 -95.0220486
2.01365873 -93.8431229
2.01069961 -92.6660436
2.00812891 -91.4905834
2.0059472 -90.3165149
2.00415532 -89.1436103
2.00275443 -87.9716411
2.00174595 -86.8003781
2.00113163 -85.6295912
2.0009135 -84.4590491
2.00109388 -83.2885194
2.00167544 -82.1177681
2.00266112 -80.9465596
2.0040542 -79.7746564
2.0058583 -78.6018192
2.00807735 -77.4278063
2.01071564 -76.2523736
2.0137778 -75.0752746
2.01726882 -73.8962597
2.02119406 -72.7150765
2.02555926 -71.5314692
2.03037055 -70.3451787
2.03563448 -69.1559419
2.04135798 -67.9634922
2.04754843 -66.7675584
2.05421366 -65.5678651
2.06136195 -64.3641321
2.06900205 -63.1560742
2.07714323 -61.9434011
2.08579523 -60.7258166
2.09496837 -59.5030191
2.10467349 -58.2747005
2.11492203 -57.0405462
2.125726 -55.8002349
2.13709806 -54.5534379
2.14905154 -53.299819
2.16160041 -52.0390342
2.17475939 -50.7707307
2.18854392 -49.4945474
2.20297025 -48.2101135
2.21805542 -46.9170487
2.23381735 -45.6149624
2.25027485 -44.3034534
2.26744766 -42.982109
2.28535654 -41.650505
2.30402328 -40.3082044
2.32347077 -38.9547574
2.34372304 -37.5897005
2.36480535 -36.2125556
2.38674424 -34.8228297
2.4095676 -33.4200137
2.43330474 -32.003582
2.45798649 -30.5729913
2.48364525 -29.1276799
2.51031513 -27.6670665
2.53803199 -26.1905497
2.56683359 -24.6975063
2.59675969 -23.1872907
2.62785215 -21.6592332
2.6601551 -20.1126393
2.69371504 -18.5467879
2.72858099 -16.9609299
2.76480468 -15.354287
2.8024407 -13.7260497
2.84154668 -12.0753759
2.88218351 -10.4013889
2.92441553 -8.70317525
2.96831079 -6.97978315
3.01394126 -5.23021979
3.06138316 -3.45344916
3.11071718 -1.64838948
3.16202887 0.186089494
3.21540891 2.05116944
3.27095356 3.94808652
3.32876499 5.87813478
3.38895177 7.84266969
3.45162932 9.84311203
3.51692046 11.880952
3.58495593 13.9577538
3.65587505 16.0751602
3.72982639 18.2348979
3.80696848 20.4387831
3.88747063 22.6887275
3.97151386 24.9867448
4.0592918 27.3349579
4.15101181 29.7356064
4.24689613 32.191055
4.34718319 34.7038023
4.45212902 37.2764912
4.56200884 39.9119188
4.67711882 42.6130487
4.79777796 45.3830232
4.92433031 48.2251776
5.05714727 51.1430551
5.1966303 54.1404238
5.34321386 57.2212943
5.49736871 60.3899405
5.6596056 63.6509213
5.83047939 67.0091051
6.01059375 70.4696964
6.20060633 74.038266
6.4012347 77.7207835
6.61326297 81.5236539
6.83754936 85.4537585
7.07503473 89.5184999
7.32675233 93.7258524
7.59383886 98.0844188
7.87754717 102.603493
8.17926076 107.293133
8.50051049 112.164237
8.84299377 117.228637
9.20859681 122.499202
9.59942031 127.989949
10.0178095 133.716178
10.4663888 139.694622
10.9481032 145.943618
11.4662657 152.483303
12.0246143 159.335841
12.6273791 166.525687
13.2793616 174.079885
13.9860305 182.028424
14.7536356 190.404649
15.5893454 199.245739
16.5014142 208.593279
17.4993852 218.493927
18.5943395 229.00021
19.799203 240.171477
21.1291274 252.075035
22.6019656 264.78753
24.2388701 278.396613
26.0650519 293.002983
28.1107501 308.722897
30.4124832 325.691276
33.0146786 344.065588
35.9718154 364.030731
39.3512769 385.80523
43.2371894 409.649187
47.7356603 435.874568
52.9820259 464.858671
59.1510372 497.061966
66.4714253 533.052033
75.2471234 573.536118
85.8888475 619.406086
98.9622031 671.801489
115.262914 732.199545
135.938002 802.545832
162.68763 885.447536
198.114461 984.463917
246.355421 1104.54804
314.283409 1252.71718
413.929474 1439.02942
567.694506 1677.76601
820.363124 1987.57265
1268.34656 2383.04009
2127.59582 2816.40387
3790.30183 2871.71045
5884.24359 1063.38799
5308.18239 -2159.72382
3133.2347 -3148.70099
1778.65235 -2869.53228
1089.89874 -2432.48059
722.051884 -2065.30802
509.067958 -1781.03463
376.554489 -1561.39394
289.133464 -1388.96512
228.674909 -1250.97252
185.231483 -1138.48331
153.016629 -1045.24937
128.493524 -966.836062
109.407925 -900.036604
94.2707987 -842.48737
82.0678887 -792.414215
72.089681 -748.462832
63.8281506 -709.58336
56.9120063 -674.950464
51.0649101 -643.907003
46.0778297 -615.923669
41.7903263 -590.569597
38.0776295 -567.490663
34.8415451 -546.39324
32.0039518 -527.031887
29.5020788 -509.199901
27.2850285 -492.722006
25.3111834 -477.448628
23.5462498 -463.251362
21.9617657 -450.019377
20.5339514 -437.656515
19.2428153 -426.07895
18.0714531 -415.213278
17.005493 -404.994951
16.0326546 -395.366983
15.1423938 -386.278878
14.3256169 -377.685733
13.5744476 -369.547489
12.8820367 -361.828289
12.2424056 -354.495951
11.6503168 -347.521505
11.1011665 -340.878801
10.5908948 -334.54418
10.1159102 -328.49618
9.67302678 -322.715288
9.25940977 -317.183727
8.87253069 -311.885263
8.51012823 -306.805045
8.17017517 -301.929457
7.85084988 -297.245998
7.55051182 -292.743163
7.26768034 -288.410354
7.00101638 -284.237785
6.74930651 -280.21641
6.51144904 -276.337853
6.28644194 -272.594349
6.07337217 -268.978685
5.8714064 -265.484157
5.67978278 -262.104523
5.49780373 -258.833962
5.32482952 -255.667045
5.16027263 -252.598697
5.0035927 -249.62417
4.85429207 -246.73902
4.7119118 -243.939079
4.5760281 -241.220436
4.44624916 -238.579417
4.32221228 -236.012567
4.20358134 -233.516637
4.09004445 -231.088562
3.98131195 -228.725456
3.87711448 -226.424594
3.7772013 -224.183402
3.68133883 -221.999448
3.58930915 -219.870431
3.50090888 -217.794173
3.41594792 -215.76861
3.3342485 -213.791786
3.2556442 -211.861845
3.1799791 -209.977025
3.10710697 -208.135651
3.03689061 -206.336133
2.96920114 -204.576956
2.90391741 -202.85668
2.84092547 -201.173932
2.78011804 -199.527404
2.72139408 -197.915849
2.66465831 -196.338078
2.60982086 -194.792955
2.55679689 -193.279394
2.50550627 -191.79636
2.45587323 -190.342861
2.40782614 -188.917949
2.36129718 -187.520717
2.31622215 -186.150296
2.27254019 -184.805853
2.23019362 -183.48659
2.18912772 -182.191744
2.14929056 -180.920579
2.11063281 -179.672393
2.07310761 -178.446508
2.03667041 -177.242276
2.00127882 -176.059072
1.96689253 -174.896296
1.93347314 -173.753372
1.90098408 -172.629745
1.86939051 -171.52488
1.83865919 -170.438264
1.80875843 -169.369401
1.77965799 -168.317815
1.751329 -167.283044
1.72374386 -166.264647
1.69687624 -165.262195
1.67070094 -164.275276
1.64519388 -163.303492
1.62033201 -162.346458
1.59609327 -161.403804
1.57245655 -160.47517
1.54940163 -159.560211
1.52690913 -158.658592
1.50496047 -157.769988
1.48353785 -156.894087
1.46262419 -156.030586
1.44220309 -155.179191
1.42225884 -154.33962
1.40277631 -153.511596
1.38374101 -152.694855
1.365139 -151.889138
1.34695689 -151.094196
1.32918178 -150.309787
1.31180131 -149.535676
1.29480355 -148.771635
1.27817704 -148.017443
1.26191074 -147.272888
1.24599403 -146.53776
1.23041667 -145.811858
1.21516881 -145.094986
1.20024094 -144.386955
1.18562391 -143.687579
1.17130888 -142.996679
1.15728734 -142.31408
1.14355107 -141.639614
1.13009215 -140.973115
1.11690292 -140.314424
1.10397599 -139.663383
1.09130423 -139.019843
1.07888075 -138.383656
1.0666989 -137.754677
1.05475223 -137.132768
1.04303453 -136.517793
1.03153978 -135.909618
1.02026217 -135.308116
1.00919608 -134.713161
0.998336059 -134.12463
0.987676845 -133.542405
0.97721334 -132.966369
0.966940608 -132.396409
0.956853871 -131.832414
0.9469485 -131.274278
0.937220013 -130.721894
0.927664063 -130.175162
0.918276441 -129.63398
0.909053066 -129.098253
0.89998998 -128.567883
0.891083346 -128.042779
0.882329443 -127.522851
0.873724661 -127.008009
0.865265497 -126.498168
0.856948551 -125.993243
0.848770524 -125.493151
0.840728213 -124.997813
0.832818508 -124.50715
0.825038389 -124.021085
0.817384921 -123.539542
0.809855255 -123.062449
0.802446621 -122.589734
0.795156329 -122.121326
0.787981763 -121.657158
0.780920379 -121.197161
0.773969705 -120.741271
0.767127338 -120.289423
0.760390938 -119.841555
0.753758231 -119.397605
0.747227005 -118.957512
0.740795104 -118.521219
0.734460435 -118.088668
0.728220956 -117.659801
0.722074682 -117.234565
0.716019679 -116.812905
0.710054065 -116.394767
0.704176006 -115.980101
0.698383716 -115.568855
0.692675453 -115.16098
0.687049524 -114.756427
0.681504275 -114.355147
0.676038097 -113.957096
0.670649419 -113.562225
0.665336712 -113.170491
0.660098484 -112.78185
0.654933279 -112.396258
0.64983968 -112.013672
0.644816301 -111.634052
0.639861793 -111.257356
0.634974838 -110.883545
0.630154152 -110.512579
0.62539848 -110.14442
0.620706598 -109.779031
0.616077311 -109.416373
0.611509452 -109.056411
0.607001883 -108.699109
0.602553491 -108.344432
0.59816319 -107.992346
0.593829919 -107.642816
0.589552642 -107.295811
0.585330347 -106.951297
0.581162044 -106.609242
0.577046768 -106.269616
0.572983572 -105.932386
0.568971535 -105.597524
0.565009754 -105.264999
0.561097346 -104.934782
0.55723345 -104.606844
0.553417222 -104.281157
0.549647837 -103.957694
0.545924489 -103.636427
0.542246389 -103.31733
0.538612765 -103.000376
0.535022863 -102.68554
0.531475944 -102.372795
0.527971286 -102.062117
0.52450818 -101.753482
0.521085935 -101.446865
0.517703874 -101.142243
0.514361333 -100.839592
0.511057663 -100.538888
0.507792229 -100.240111
0.504564408 -99.943237
0.501373591 -99.6482444
0.49821918 -99.3551118
0.495100592 -99.0638181
0.492017254 -98.7743423
0.488968605 -98.486664
0.485954094 -98.200763
0.482973185 -97.9166195
0.480025349 -97.634214
0.47711007 -97.3535271
0.47422684 -97.0745399
0.471375164 -96.7972339
0.468554553 -96.5215907
0.465764532 -96.2475921
0.463004633 -95.9752204
0.460274396 -95.7044581
0.457573372 -95.4352879
0.45490112 -95.1676929
0.452257207 -94.9016562
0.44964121 -94.6371614
0.447052713 -94.3741923
0.444491306 -94.1127328
0.44195659 -93.8527672
0.439448172 -93.59428
0.436965667 -93.3372558
0.434508697 -93.0816796
0.432076889 -92.8275365
0.429669881 -92.5748119
0.427287315 -92.3234913
0.424928839 -92.0735606
0.422594111 -91.8250056
0.42028279 -91.5778126
0.417994547 -91.3319679
0.415729054 -91.0874582
0.413485991 -90.8442701
0.411265046 -90.6023906
0.409065908 -90.3618069
0.406888276 -90.1225062
0.404731851 -89.884476
0.402596341 -89.647704
0.400481459 -89.412178
0.398386923 -89.177886
0.396312455 -88.9448162
0.394257784 -88.7129567
0.392222642 -88.4822962
0.390206766 -88.2528233
0.388209897 -88.0245267
0.386231782 -87.7973954
0.384272172 -87.5714184
0.38233082 -87.3465849
0.380407486 -87.1228845
0.378501933 -86.9003064
0.376613928 -86.6788405
0.374743241 -86.4584764
0.372889648 -86.2392041
0.371052927 -86.0210136
0.369232861 -85.8038951
0.367429234 -85.5878389
0.365641838 -85.3728354
0.363870463 -85.1588752
0.362114908 -84.9459489
0.360374971 -84.7340473
0.358650455 -84.5231613
0.356941167 -84.313282
0.355246915 -84.1044004
0.353567512 -83.8965078
0.351902774 -83.6895956
0.350252518 -83.4836551
0.348616566 -83.2786781
0.346994741 -83.074656
0.345386872 -82.8715808
0.343792786 -82.6694442
0.342212317 -82.4682382
0.340645299 -82.2679549
0.339091571 -82.0685865
0.337550971 -81.8701252
0.336023342 -81.6725634
0.33450853 -81.4758935
0.333006381 -81.280108
0.331516746 -81.0851996
0.330039476 -80.8911609
0.328574426 -80.6979848
0.327121451 -80.5056641
0.325680411 -80.3141917
0.324251167 -80.1235609
0.322833581 -79.9337646
0.321427518 -79.744796
0.320032845 -79.5566485
0.318649431 -79.3693154
0.317277148 -79.1827901
0.315915867 -78.9970662
0.314565464 -78.8121373
0.313225814 -78.6279969
0.311896798 -78.4446389
0.310578293 -78.2620569
0.309270184 -78.080245
0.307972352 -77.8991971
0.306684683 -77.718907
0.305407065 -77.539369
0.304139386 -77.3605772
0.302881535 -77.1825257
0.301633405 -77.0052089
0.30039489 -76.828621
0.299165883 -76.6527565
0.297946281 -76.4776098
0.296735982 -76.3031754
0.295534885 -76.1294479
0.294342891 -75.956422
0.293159902 -75.7840923
0.29198582 -75.6124536
0.290820552 -75.4415007
0.289664002 -75.2712284
0.288516078 -75.1016317
0.287376689 -74.9327055
0.286245745 -74.7644448
0.285123157 -74.5968448
0.284008836 -74.4299005
0.282902698 -74.2636072
0.281804655 -74.09796
0.280714625 -73.9329542
0.279632523 -73.7685852
0.278558269 -73.6048484
0.277491782 -73.4417391
0.27643298 -73.2792528
0.275381787 -73.117385
0.274338125 -72.9561314
0.273301916 -72.7954875
0.272273085 -72.6354489
0.271251558 -72.4760114
0.270237261 -72.3171707
0.269230121 -72.1589226
0.268230068 -72.0012629
0.267237029 -71.8441875
0.266250935 -71.6876922
0.265271717 -71.531773
0.264299307 -71.376426
0.263333639 -71.2216471
0.262374645 -71.0674324
0.26142226 -70.9137781
0.26047642 -70.7606802
0.25953706 -70.6081349
0.258604118 -70.4561385
0.257677532 -70.3046872
0.25675724 -70.1537773
0.255843182 -70.0034051
0.254935297 -69.853567
0.254033527 -69.7042594
0.253137812 -69.5554787
0.252248097 -69.4072214
0.251364322 -69.259484
0.250486433 -69.112263
0.249614374 -68.965555
0.248748089 -68.8193566
0.247887526 -68.6736644
0.247032629 -68.5284751
0.246183346 -68.3837853
0.245339625 -68.2395918
0.244501415 -68.0958914
0.243668664 -67.9526808
0.242841322 -67.8099568
0.24201934 -67.6677163
0.241202667 -67.5259562
0.240391256 -67.3846733
0.239585058 -67.2438646
0.238784027 -67.1035271
0.237988114 -66.9636576
0.237197275 -66.8242533
0.236411462 -66.6853112
0.235630632 -66.5468284
0.234854739 -66.4088018
0.234083738 -66.2712287
0.233317588 -66.1341062
0.232556243 -65.9974315
0.231799662 -65.8612017
0.231047802 -65.7254141
0.230300623 -65.5900659
0.229558081 -65.4551544
0.228820138 -65.3206769
0.228086752 -65.1866307
0.227357884 -65.0530131
0.226633495 -64.9198215
0.225913545 -64.7870533
0.225197996 -64.6547059
0.224486811 -64.5227767
0.223779951 -64.3912632
0.22307738 -64.2601628
0.22237906 -64.1294731
0.221684955 -63.9991915
0.22099503 -63.8693157
0.220309249 -63.739843
0.219627577 -63.6107713
0.218949979 -63.482098
0.21827642 -63.3538207
0.217606867 -63.2259371
0.216941286 -63.0984449
0.216279644 -62.9713418
0.215621908 -62.8446254
0.214968046 -62.7182934
0.214318025 -62.5923437
0.213671813 -62.4667739
0.21302938 -62.3415819
0.212390693 -62.2167653
0.211755722 -62.0923221
0.211124438 -61.9682501
0.210496808 -61.8445471
0.209872805 -61.721211
0.209252397 -61.5982397
0.208635557 -61.475631
0.208022255 -61.3533829
0.207412463 -61.2314933
0.206806151 -61.1099602
0.206203294 -60.9887815
0.205603862 -60.8679552
0.205007828 -60.7474793
0.204415166 -60.6273519
0.203825848 -60.5075709
0.203239849 -60.3881344
0.20265714 -60.2690405
0.202077698 -60.1502873
0.201501496 -60.0318727
0.200928508 -59.9137951
0.200358709 -59.7960524
0.199792075 -59.6786428
0.199228581 -59.5615644
0.198668202 -59.4448155
0.198110914 -59.3283942
0.197556693 -59.2122987
0.197005516 -59.0965271
0.196457359 -58.9810779
0.195912199 -58.865949
0.195370013 -58.7511389
0.194830779 -58.6366458
0.194294472 -58.5224679
0.193761073 -58.4086036
0.193230557 -58.2950511
0.192702905 -58.1818087
0.192178093 -58.0688749
0.1916561 -57.9562479
0.191136906 -57.843926
0.190620489 -57.7319077
0.190106828 -57.6201913
0.189595904 -57.5087753
0.189087694 -57.3976579
0.188582181 -57.2868377
0.188079342 -57.176313
0.187579159 -57.0660823
0.187081612 -56.9561441
0.186586682 -56.8464967
0.186094349 -56.7371387
0.185604594 -56.6280686
0.185117399 -56.5192848
0.184632744 -56.4107859
0.184150612 -56.3025703
0.183670984 -56.1946366
0.183193841 -56.0869834
0.182719167 -55.9796091
0.182246942 -55.8725124
0.18177715 -55.7656917
0.181309773 -55.6591458
0.180844794 -55.5528731
0.180382195 -55.4468723
0.17992196 -55.3411419
0.179464071 -55.2356807
0.179008513 -55.1304872
0.178555268 -55.02556
0.17810432 -54.9208979
0.177655654 -54.8164994
0.177209252 -54.7123633
0.1767651 -54.6084881
0.176323181 -54.5048727
0.17588348 -54.4015157
0.175445981 -54.2984158
0.175010669 -54.1955717
0.174577529 -54.0929821
0.174146545 -53.9906457
0.173717704 -53.8885614
0.173290989 -53.7867279
0.172866387 -53.6851438
0.172443883 -53.583808
0.172023463 -53.4827193
0.171605112 -53.3818764
0.171188816 -53.2812781
0.170774561 -53.1809233
0.170362334 -53.0808106
0.16995212 -52.9809391
0.169543907 -52.8813073
0.16913768 -52.7819143
0.168733426 -52.6827588
0.168331132 -52.5838397
0.167930784 -52.4851559
0.167532371 -52.3867061
0.167135878 -52.2884893
0.166741294 -52.1905043
0.166348604 -52.0927501
0.165957798 -51.9952255
0.165568862 -51.8979295
0.165181784 -51.8008608
0.164796551 -51.7040185
0.164413152 -51.6074015
0.164031575 -51.5110087
0.163651807 -51.414839
0.163273838 -51.3188913
0.162897654 -51.2231647
0.162523245 -51.1276581
0.162150598 -51.0323704
0.161779704 -50.9373006
0.161410549 -50.8424477
0.161043123 -50.7478106
0.160677416 -50.6533885
0.160313415 -50.5591802
0.15995111 -50.4651847
0.159590489 -50.3714011
0.159231544 -50.2778284
0.158874261 -50.1844655
0.158518632 -50.0913117
0.158164645 -49.9983657
0.15781229 -49.9056268
0.157461557 -49.8130939
0.157112436 -49.7207662
0.156764916 -49.6286425
0.156418987 -49.5367221
0.156074639 -49.445004
0.155731863 -49.3534873
0.155390649 -49.262171
0.155050987 -49.1710543
0.154712866 -49.0801361
0.154376279 -48.9894157
0.154041215 -48.8988922
0.153707664 -48.8085646
0.153375618 -48.718432
0.153045067 -48.6284936
0.152716002 -48.5387485
0.152388414 -48.4491959
0.152062294 -48.3598348
0.151737632 -48.2706644
END
