********************************************************  
Fitting statistics for a T1/T2 experiment  
T2 exponential fitting M(t) =(M(0) - M(inf))*exp(-t/T1) + M(inf);  


*******Fit Summary*******
Frequency      Exp. M(0)      Fit. M(0)      error          Fit. M0/M(inf)  error         T1/T2         error         
3.62432        0.43259        0.44957        0.00362        0.43259        0.00458        2.11715        0.00648        
3.63215        0.43750        0.44937        0.00197        0.43750        0.00250        2.12385        0.00354        
3.64095        0.44103        0.45010        0.00482        0.44103        0.00609        2.10034        0.00862        
3.64681        0.43311        0.44699        0.00164        0.43311        0.00211        2.19850        0.00299        
3.65562        0.43290        0.44656        0.00195        0.43290        0.00250        2.21218        0.00354        
3.66344        0.43781        0.44894        0.00165        0.43781        0.00209        2.13718        0.00296        
3.66931        0.42810        0.44693        0.00335        0.42810        0.00429        2.19982        0.00607        
3.67713        0.43635        0.44749        0.00156        0.43635        0.00200        2.18247        0.00283        
3.68593        0.43800        0.44597        0.00385        0.43800        0.00497        2.23087        0.00703        
3.71723        0.39521        0.39523        0.00987        0.39521        0.01909        5.97663        0.02700        
3.73092        0.39775        0.39018        0.00743        0.39775        0.01540        6.94172        0.02178        
3.74559        0.38926        0.38941        0.00496        0.38926        0.01041        7.12542        0.01472        
3.75928        0.38941        0.39129        0.00829        0.38941        0.01690        6.70529        0.02390        
3.94215        0.43627        0.44988        0.00331        0.43627        0.00419        2.10799        0.00593        
3.94899        0.43910        0.45123        0.00234        0.43910        0.00294        2.06823        0.00416        
3.95682        0.43673        0.44995        0.00298        0.43673        0.00377        2.10597        0.00534        
3.96366        0.43331        0.45012        0.00339        0.43331        0.00428        2.10071        0.00605        
3.97149        0.43357        0.45025        0.00291        0.43357        0.00367        2.09699        0.00519        
3.97931        0.43534        0.45088        0.00301        0.43534        0.00379        2.07814        0.00536        
3.98616        0.44340        0.44912        0.00383        0.44340        0.00487        2.13059        0.00688        

Tau values [8]  (s) 
0.05400     
0.09100     
0.13900     
0.23600     
0.43000     
0.81700     
1.59200     
3.14100     

*******Residuals*******
Peak Nr:   1          Frequency (ppm):  3.62432    
Exp. Ampl    Fit. Ampl    Diff        
4.32591e-01  4.38246e-01  5.65525e-03  
4.26874e-01  4.30654e-01  3.78005e-03  
4.26671e-01  4.21000e-01  -5.67083e-03  
4.07527e-01  4.02146e-01  -5.38071e-03  
3.67921e-01  3.66935e-01  -9.86602e-04  
3.01567e-01  3.05635e-01  4.06830e-03  
2.15209e-01  2.11946e-01  -3.26262e-03  
9.94698e-02  1.01971e-01  2.50147e-03  

Peak Nr:   2          Frequency (ppm):  3.63215    
Exp. Ampl    Fit. Ampl    Diff        
4.37503e-01  4.38089e-01  5.85144e-04  
4.28031e-01  4.30523e-01  2.49177e-03  
4.23698e-01  4.20902e-01  -2.79594e-03  
4.05998e-01  4.02111e-01  -3.88709e-03  
3.64006e-01  3.67008e-01  3.00232e-03  
3.04500e-01  3.05872e-01  1.37202e-03  
2.12211e-01  2.12356e-01  1.45003e-04  
1.03787e-01  1.02404e-01  -1.38262e-03  

Peak Nr:   3          Frequency (ppm):  3.64095    
Exp. Ampl    Fit. Ampl    Diff        
4.41033e-01  4.38676e-01  -2.35722e-03  
4.39094e-01  4.31016e-01  -8.07834e-03  
4.13199e-01  4.21277e-01  8.07835e-03  
4.05198e-01  4.02264e-01  -2.93394e-03  
3.65367e-01  3.66773e-01  1.40576e-03  
2.97415e-01  3.05053e-01  7.63787e-03  
2.10275e-01  2.10924e-01  6.49039e-04  
1.07722e-01  1.00887e-01  -6.83464e-03  

Peak Nr:   4          Frequency (ppm):  3.64681    
Exp. Ampl    Fit. Ampl    Diff        
4.33109e-01  4.36145e-01  3.03584e-03  
4.29462e-01  4.28866e-01  -5.95583e-04  
4.22726e-01  4.19604e-01  -3.12156e-03  
4.00024e-01  4.01493e-01  1.46938e-03  
3.67093e-01  3.67583e-01  4.90108e-04  
3.10063e-01  3.08253e-01  -1.80991e-03  
2.17517e-01  2.16677e-01  -8.39838e-04  
1.05138e-01  1.07108e-01  1.96957e-03  

Peak Nr:   5          Frequency (ppm):  3.65562    
Exp. Ampl    Fit. Ampl    Diff        
4.32903e-01  4.35796e-01  2.89288e-03  
4.31505e-01  4.28567e-01  -2.93758e-03  
4.21035e-01  4.19368e-01  -1.66677e-03  
3.97518e-01  4.01377e-01  3.85952e-03  
3.68974e-01  3.67677e-01  -1.29666e-03  
3.09904e-01  3.08667e-01  -1.23629e-03  
2.18257e-01  2.17442e-01  -8.15021e-04  
1.06254e-01  1.07955e-01  1.70147e-03  

Peak Nr:   6          Frequency (ppm):  3.66344    
Exp. Ampl    Fit. Ampl    Diff        
4.37808e-01  4.37737e-01  -7.16295e-05  
4.33916e-01  4.30224e-01  -3.69276e-03  
4.19423e-01  4.20669e-01  1.24536e-03  
4.00921e-01  4.02003e-01  1.08162e-03  
3.66998e-01  3.67119e-01  1.20338e-04  
3.03543e-01  3.06312e-01  2.76905e-03  
2.13099e-01  2.13146e-01  4.73681e-05  
1.05589e-01  1.03254e-01  -2.33500e-03  

Peak Nr:   7          Frequency (ppm):  3.66931    
Exp. Ampl    Fit. Ampl    Diff        
4.28098e-01  4.36091e-01  7.99342e-03  
4.36233e-01  4.28817e-01  -7.41536e-03  
4.20924e-01  4.19562e-01  -1.36167e-03  
4.01809e-01  4.01464e-01  -3.45344e-04  
3.67085e-01  3.67575e-01  4.90450e-04  
3.07845e-01  3.08279e-01  4.33336e-04  
2.15978e-01  2.16741e-01  7.63348e-04  
1.07888e-01  1.07185e-01  -7.03358e-04  

Peak Nr:   8          Frequency (ppm):  3.67713    
Exp. Ampl    Fit. Ampl    Diff        
4.36345e-01  4.36556e-01  2.10535e-04  
4.27456e-01  4.29217e-01  1.76139e-03  
4.21162e-01  4.19880e-01  -1.28179e-03  
3.99199e-01  4.01627e-01  2.42806e-03  
3.69342e-01  3.67467e-01  -1.87484e-03  
3.10672e-01  3.07757e-01  -2.91441e-03  
2.15334e-01  2.15769e-01  4.35072e-04  
1.04157e-01  1.06108e-01  1.95169e-03  

Peak Nr:   9          Frequency (ppm):  3.68593    
Exp. Ampl    Fit. Ampl    Diff        
4.38000e-01  4.35300e-01  -2.69956e-03  
4.31472e-01  4.28140e-01  -3.33203e-03  
4.19537e-01  4.19027e-01  -5.10465e-04  
3.94989e-01  4.01198e-01  6.20834e-03  
3.71782e-01  3.67783e-01  -3.99970e-03  
3.03061e-01  3.09209e-01  6.14778e-03  
2.15639e-01  2.18464e-01  2.82471e-03  
1.15720e-01  1.09101e-01  -6.61973e-03  

Peak Nr:   10         Frequency (ppm):  3.71723    
Exp. Ampl    Fit. Ampl    Diff        
3.95208e-01  3.91677e-01  -3.53111e-03  
3.91589e-01  3.89259e-01  -2.32972e-03  
3.68805e-01  3.86146e-01  1.73407e-02  
3.85535e-01  3.79929e-01  -5.60616e-03  
3.83053e-01  3.67795e-01  -1.52584e-02  
3.47376e-01  3.44734e-01  -2.64172e-03  
2.80522e-01  3.02809e-01  2.22866e-02  
2.44382e-01  2.33673e-01  -1.07085e-02  

Peak Nr:   11         Frequency (ppm):  3.73092    
Exp. Ampl    Fit. Ampl    Diff        
3.97750e-01  3.87154e-01  -1.05960e-02  
3.93837e-01  3.85096e-01  -8.74069e-03  
3.82037e-01  3.82442e-01  4.05234e-04  
3.80615e-01  3.77135e-01  -3.47998e-03  
3.52774e-01  3.66741e-01  1.39675e-02  
3.31478e-01  3.46855e-01  1.53770e-02  
3.10211e-01  3.10214e-01  3.35459e-06  
2.55557e-01  2.48171e-01  -7.38567e-03  

Peak Nr:   12         Frequency (ppm):  3.74559    
Exp. Ampl    Fit. Ampl    Diff        
3.89258e-01  3.86471e-01  -2.78709e-03  
3.90535e-01  3.84469e-01  -6.06554e-03  
3.79592e-01  3.81888e-01  2.29603e-03  
3.70663e-01  3.76724e-01  6.06124e-03  
3.74214e-01  3.66606e-01  -7.60857e-03  
3.42051e-01  3.47226e-01  5.17488e-03  
3.01986e-01  3.11441e-01  9.45423e-03  
2.57389e-01  2.50590e-01  -6.79931e-03  

Peak Nr:   13         Frequency (ppm):  3.75928    
Exp. Ampl    Fit. Ampl    Diff        
3.89415e-01  3.88149e-01  -1.26610e-03  
4.05448e-01  3.86013e-01  -1.94352e-02  
3.80857e-01  3.83259e-01  2.40255e-03  
3.69196e-01  3.77755e-01  8.55897e-03  
3.66212e-01  3.66982e-01  7.69754e-04  
3.40996e-01  3.46401e-01  5.40544e-03  
2.93671e-01  3.08591e-01  1.49202e-02  
2.56862e-01  2.44938e-01  -1.19239e-02  

Peak Nr:   14         Frequency (ppm):  3.94215    
Exp. Ampl    Fit. Ampl    Diff        
4.36269e-01  4.38498e-01  2.22827e-03  
4.30500e-01  4.30868e-01  3.67896e-04  
4.26628e-01  4.21168e-01  -5.45969e-03  
4.03885e-01  4.02227e-01  -1.65849e-03  
3.66201e-01  3.66862e-01  6.61128e-04  
2.97194e-01  3.05332e-01  8.13804e-03  
2.14732e-01  2.11400e-01  -3.33185e-03  
1.03280e-01  1.01385e-01  -1.89442e-03  

Peak Nr:   15         Frequency (ppm):  3.94899    
Exp. Ampl    Fit. Ampl    Diff        
4.39102e-01  4.39599e-01  4.97186e-04  
4.32727e-01  4.31805e-01  -9.22003e-04  
4.26974e-01  4.21899e-01  -5.07580e-03  
3.97562e-01  4.02568e-01  5.00651e-03  
3.66743e-01  3.66524e-01  -2.18215e-04  
3.02086e-01  3.03976e-01  1.89031e-03  
2.08994e-01  2.08978e-01  -1.59147e-05  
1.00698e-01  9.88181e-02  -1.87947e-03  

Peak Nr:   16         Frequency (ppm):  3.95682    
Exp. Ampl    Fit. Ampl    Diff        
4.36725e-01  4.38557e-01  1.83186e-03  
4.36552e-01  4.30920e-01  -5.63267e-03  
4.22258e-01  4.21209e-01  -1.04863e-03  
3.97940e-01  4.02248e-01  4.30799e-03  
3.67253e-01  3.66849e-01  -4.03775e-04  
3.04878e-01  3.05267e-01  3.88899e-04  
2.07183e-01  2.11280e-01  4.09687e-03  
1.06229e-01  1.01257e-01  -4.97270e-03  

Peak Nr:   17         Frequency (ppm):  3.96366    
Exp. Ampl    Fit. Ampl    Diff        
4.33306e-01  4.38694e-01  5.38770e-03  
4.38324e-01  4.31034e-01  -7.28979e-03  
4.23952e-01  4.21297e-01  -2.65510e-03  
4.02726e-01  4.02286e-01  -4.39486e-04  
3.62594e-01  3.66799e-01  4.20564e-03  
3.02132e-01  3.05085e-01  2.95367e-03  
2.11319e-01  2.10960e-01  -3.58869e-04  
1.03831e-01  1.00917e-01  -2.91380e-03  

Peak Nr:   18         Frequency (ppm):  3.97149    
Exp. Ampl    Fit. Ampl    Diff        
4.33570e-01  4.38802e-01  5.23161e-03  
4.37590e-01  4.31128e-01  -6.46226e-03  
4.22818e-01  4.21371e-01  -1.44685e-03  
3.99870e-01  4.02324e-01  2.45413e-03  
3.68451e-01  3.66773e-01  -1.67733e-03  
3.01832e-01  3.04964e-01  3.13237e-03  
2.11288e-01  2.10738e-01  -5.49726e-04  
1.01786e-01  1.00679e-01  -1.10742e-03  

Peak Nr:   19         Frequency (ppm):  3.97931    
Exp. Ampl    Fit. Ampl    Diff        
4.35341e-01  4.39317e-01  3.97528e-03  
4.33132e-01  4.31564e-01  -1.56775e-03  
4.28373e-01  4.21710e-01  -6.66304e-03  
3.98915e-01  4.02479e-01  3.56408e-03  
3.68201e-01  3.66607e-01  -1.59475e-03  
3.00157e-01  3.04315e-01  4.15805e-03  
2.10865e-01  2.09586e-01  -1.27884e-03  
1.00537e-01  9.94601e-02  -1.07687e-03  

Peak Nr:   20         Frequency (ppm):  3.98616    
Exp. Ampl    Fit. Ampl    Diff        
4.43399e-01  4.37883e-01  -5.51540e-03  
4.33798e-01  4.30345e-01  -3.45336e-03  
4.14680e-01  4.20758e-01  6.07752e-03  
3.98254e-01  4.02031e-01  3.77735e-03  
3.71002e-01  3.67042e-01  -3.96019e-03  
2.99663e-01  3.06077e-01  6.41365e-03  
2.14933e-01  2.12743e-01  -2.18944e-03  
1.04951e-01  1.02828e-01  -2.12266e-03  


*******Fit Summary*******
Frequency      Exp. M(0)      Fit. M(0)      error          Fit. M0/M(inf)  error         T1/T2         error         
3.62432        0.43259        0.44957        0.00362        0.43259        0.00458        2.11715        0.00648        
3.63215        0.43750        0.44937        0.00197        0.43750        0.00250        2.12385        0.00354        
3.64095        0.44103        0.45010        0.00482        0.44103        0.00609        2.10034        0.00862        
3.64681        0.43311        0.44699        0.00164        0.43311        0.00211        2.19850        0.00299        
3.65562        0.43290        0.44656        0.00195        0.43290        0.00250        2.21218        0.00354        
3.66344        0.43781        0.44894        0.00165        0.43781        0.00209        2.13718        0.00296        
3.66931        0.42810        0.44693        0.00335        0.42810        0.00429        2.19982        0.00607        
3.67713        0.43635        0.44749        0.00156        0.43635        0.00200        2.18247        0.00283        
3.68593        0.43800        0.44597        0.00385        0.43800        0.00497        2.23087        0.00703        
3.71723        0.39521        0.39523        0.00987        0.39521        0.01909        5.97663        0.02700        
3.73092        0.39775        0.39018        0.00743        0.39775        0.01540        6.94172        0.02178        
3.74559        0.38926        0.38941        0.00496        0.38926        0.01041        7.12542        0.01472        
3.75928        0.38941        0.39129        0.00829        0.38941        0.01690        6.70529        0.02390        
3.94215        0.43627        0.44988        0.00331        0.43627        0.00419        2.10799        0.00593        
3.94899        0.43910        0.45123        0.00234        0.43910        0.00294        2.06823        0.00416        
3.95682        0.43673        0.44995        0.00298        0.43673        0.00377        2.10597        0.00534        
3.96366        0.43331        0.45012        0.00339        0.43331        0.00428        2.10071        0.00605        
3.97149        0.43357        0.45025        0.00291        0.43357        0.00367        2.09699        0.00519        
3.97931        0.43534        0.45088        0.00301        0.43534        0.00379        2.07814        0.00536        
3.98616        0.44340        0.44912        0.00383        0.44340        0.00487        2.13059        0.00688        

This information can be found in:
/Users/mbdssln2/Documents/DOSY_toolbox/Current /Import_Export/t2stats.txt
